0.000000e+00
1.154376e-05
6.914067e-05
1.660675e-04
3.598560e-04
5.389278e-04
3.850437e-04
3.905794e-04
6.242123e-04
6.646941e-04
1.367202e-03
1.761950e-03
1.833225e-03
1.627125e-03
1.159517e-03
8.512982e-04
2.101181e-05
-7.665897e-04
-1.313733e-03
-2.001386e-03
-3.096913e-03
-4.771989e-03
-5.573534e-03
-6.577531e-03
-7.602538e-03
-7.222304e-03
-6.733475e-03
-5.711627e-03
-3.372473e-03
-7.779561e-04
1.821757e-03
3.372678e-03
3.877946e-03
3.799941e-03
3.779621e-03
4.542518e-03
6.398153e-03
9.065846e-03
1.275134e-02
1.690114e-02
2.150786e-02
2.709278e-02
3.289927e-02
3.894398e-02
4.460032e-02
5.014153e-02
5.480290e-02
5.722657e-02
5.755845e-02
5.714124e-02
5.786998e-02
6.048210e-02
6.273558e-02
6.496434e-02
6.814617e-02
7.236729e-02
7.881271e-02
8.597642e-02
9.013175e-02
9.144737e-02
9.170969e-02
9.175830e-02
9.076004e-02
8.908348e-02
8.817406e-02
8.820969e-02
8.778465e-02
8.652058e-02
8.592658e-02
8.758289e-02
9.004735e-02
9.253949e-02
9.455595e-02
9.707557e-02
9.981147e-02
1.025897e-01
1.059644e-01
1.093703e-01
1.119532e-01
1.151590e-01
1.189033e-01
1.214983e-01
1.236583e-01
1.258591e-01
1.272017e-01
1.282568e-01
1.301455e-01
1.307587e-01
1.287586e-01
1.253318e-01
1.221571e-01
1.196412e-01
1.183743e-01
1.183294e-01
1.197337e-01
1.217753e-01
1.236219e-01
1.255009e-01
1.274539e-01
1.304079e-01
1.339244e-01
1.360900e-01
1.378198e-01
1.397311e-01
1.420462e-01
1.457297e-01
1.500214e-01
1.525480e-01
1.542847e-01
1.571494e-01
1.606779e-01
1.639308e-01
1.676447e-01
1.711104e-01
1.742774e-01
1.769214e-01
1.786963e-01
1.826127e-01
1.897890e-01
1.977196e-01
2.055738e-01
2.132452e-01
2.199515e-01
2.267586e-01
2.330082e-01
2.384688e-01
2.428135e-01
2.461547e-01
2.472841e-01
2.466670e-01
2.467025e-01
2.469008e-01
2.464512e-01
2.460696e-01
2.450165e-01
2.439189e-01
2.421022e-01
2.394055e-01
2.370954e-01
2.353929e-01
2.343728e-01
2.332413e-01
2.310469e-01
2.294220e-01
2.279899e-01
2.265548e-01
2.248697e-01
2.224107e-01
2.210746e-01
2.197750e-01
2.181968e-01
2.164815e-01
2.133760e-01
2.104824e-01
2.097002e-01
2.101878e-01
2.111483e-01
2.124725e-01
2.143143e-01
2.164919e-01
2.193936e-01
2.224781e-01
2.261089e-01
2.316711e-01
2.382266e-01
2.444987e-01
2.503010e-01
2.547523e-01
2.592585e-01
2.638851e-01
2.671364e-01
2.701205e-01
2.736042e-01
2.776759e-01
2.810508e-01
2.840472e-01
2.864949e-01
2.875784e-01
2.890377e-01
2.918112e-01
2.947547e-01
2.972254e-01
2.999490e-01
3.031699e-01
3.078371e-01
3.140575e-01
3.201891e-01
3.248759e-01
3.290586e-01
3.322797e-01
3.348123e-01
3.386282e-01
3.437831e-01
3.476623e-01
3.497210e-01
3.516416e-01
3.544341e-01
3.575708e-01
3.605050e-01
3.649104e-01
3.702045e-01
3.758513e-01
3.814291e-01
3.860287e-01
3.889456e-01
3.907670e-01
3.916035e-01
3.924916e-01
3.946233e-01
3.977985e-01
4.005347e-01
4.018054e-01
4.021159e-01
4.023719e-01
4.036934e-01
4.061170e-01
4.096817e-01
4.139477e-01
4.188415e-01
4.238689e-01
4.270094e-01
4.278411e-01
4.282285e-01
4.288765e-01
4.296297e-01
4.300708e-01
4.305887e-01
4.321182e-01
4.341213e-01
4.350542e-01
4.358656e-01
4.362385e-01
4.358522e-01
4.345896e-01
4.329112e-01
4.310683e-01
4.315818e-01
4.327999e-01
4.341412e-01
4.350514e-01
4.365266e-01
4.397001e-01
4.432169e-01
4.461514e-01
4.491372e-01
4.513116e-01
4.531734e-01
4.570992e-01
4.613493e-01
4.643139e-01
4.664153e-01
4.671783e-01
4.678191e-01
4.701174e-01
4.739124e-01
4.771295e-01
4.793941e-01
4.821838e-01
4.864576e-01
4.922031e-01
4.983503e-01
5.036947e-01
5.080903e-01
5.130264e-01
5.184527e-01
5.227738e-01
5.262361e-01
5.298952e-01
5.344402e-01
5.395984e-01
5.434112e-01
5.469429e-01
5.519858e-01
5.580367e-01
5.658972e-01
5.739915e-01
5.810756e-01
5.884405e-01
5.968580e-01
6.065949e-01
6.165951e-01
6.250478e-01
6.320574e-01
6.384351e-01
6.435944e-01
6.471835e-01
6.486113e-01
6.488149e-01
6.487504e-01
6.487668e-01
6.492253e-01
6.509988e-01
6.514868e-01
6.511193e-01
6.513410e-01
6.526572e-01
6.537301e-01
6.546533e-01
6.568993e-01
6.597451e-01
6.638026e-01
6.706756e-01
6.784429e-01
6.848912e-01
6.893512e-01
6.916708e-01
6.922451e-01
6.915018e-01
6.888991e-01
6.854065e-01
6.821046e-01
6.794905e-01
6.777935e-01
6.771259e-01
6.758973e-01
6.746417e-01
6.742459e-01
6.738056e-01
6.736789e-01
6.749999e-01
6.764702e-01
6.772516e-01
6.776083e-01
6.782933e-01
6.790791e-01
6.784694e-01
6.762058e-01
6.720688e-01
6.667923e-01
6.617415e-01
6.579668e-01
6.545540e-01
6.509574e-01
6.479255e-01
6.466988e-01
6.461528e-01
6.457933e-01
6.466127e-01
6.484277e-01
6.503173e-01
6.530486e-01
6.586641e-01
6.654873e-01
6.723066e-01
6.784337e-01
6.840183e-01
6.885468e-01
6.929565e-01
6.967398e-01
7.000222e-01
7.016961e-01
7.026647e-01
7.028517e-01
7.025106e-01
7.021792e-01
7.012512e-01
6.991888e-01
6.960784e-01
6.929456e-01
6.899812e-01
6.872713e-01
6.856613e-01
6.843937e-01
6.837153e-01
6.838012e-01
6.846455e-01
6.873230e-01
6.912526e-01
6.946306e-01
6.974419e-01
7.007399e-01
7.036806e-01
7.083188e-01
7.138379e-01
7.185413e-01
7.247050e-01
7.305417e-01
7.347435e-01
7.387863e-01
7.428585e-01
7.483587e-01
7.560860e-01
7.652262e-01
7.743371e-01
7.822057e-01
7.895064e-01
7.967372e-01
8.034670e-01
8.089216e-01
8.142670e-01
8.202482e-01
8.262974e-01
8.319970e-01
8.369438e-01
8.416666e-01
8.465276e-01
8.510399e-01
8.534744e-01
8.542558e-01
8.568722e-01
8.610716e-01
8.664027e-01
8.713793e-01
8.755782e-01
8.807461e-01
8.882132e-01
8.970779e-01
9.055122e-01
9.129476e-01
9.198719e-01
9.275029e-01
9.348629e-01
9.430811e-01
9.516808e-01
9.590602e-01
9.657256e-01
9.726069e-01
9.789051e-01
9.836805e-01
9.874276e-01
9.915580e-01
9.957434e-01
9.981554e-01
9.987538e-01
9.994821e-01
1.001088e+00
1.002732e+00
1.004516e+00
1.004430e+00
1.003849e+00
1.004196e+00
1.003906e+00
1.002517e+00
1.000379e+00
9.981054e-01
9.959918e-01
9.952528e-01
9.947769e-01
9.943022e-01
9.937120e-01
9.938991e-01
9.946593e-01
9.952127e-01
9.948706e-01
9.925729e-01
9.911196e-01
9.933155e-01
9.959870e-01
9.967374e-01
9.979420e-01
1.000093e+00
1.002444e+00
1.005723e+00
1.008979e+00
1.011284e+00
1.012911e+00
1.015106e+00
1.017831e+00
1.020267e+00
1.020782e+00
1.020258e+00
1.018974e+00
1.016924e+00
1.017077e+00
1.018612e+00
1.020180e+00
1.022146e+00
1.023286e+00
1.023922e+00
1.024858e+00
1.025763e+00
1.026775e+00
1.028748e+00
1.031831e+00
1.034952e+00
1.038533e+00
1.042425e+00
1.045698e+00
1.047437e+00
1.048618e+00
1.051182e+00
1.054131e+00
1.055989e+00
1.057041e+00
1.057736e+00
1.059268e+00
1.060790e+00
1.061616e+00
1.062405e+00
1.062727e+00
1.063491e+00
1.065670e+00
1.067256e+00
1.068599e+00
1.070870e+00
1.074921e+00
1.080575e+00
1.087348e+00
1.092233e+00
1.095421e+00
1.097681e+00
1.099736e+00
1.102601e+00
1.106123e+00
1.109724e+00
1.112908e+00
1.115229e+00
1.117587e+00
1.120784e+00
1.123373e+00
1.125658e+00
1.128440e+00
1.130971e+00
1.133130e+00
1.134608e+00
1.134373e+00
1.133824e+00
1.134099e+00
1.134452e+00
1.135080e+00
1.135652e+00
1.136152e+00
1.137778e+00
1.139772e+00
1.141985e+00
1.143238e+00
1.143776e+00
1.143663e+00
1.143975e+00
1.145443e+00
1.147621e+00
1.150009e+00
1.152725e+00
1.155230e+00
1.156376e+00
1.156729e+00
1.156825e+00
1.159157e+00
1.162582e+00
1.166361e+00
1.170513e+00
1.174680e+00
1.179557e+00
1.184849e+00
1.189588e+00
1.194868e+00
1.201083e+00
1.207055e+00
1.212286e+00
1.216893e+00
1.221202e+00
1.224531e+00
1.227781e+00
1.233300e+00
1.237749e+00
1.239154e+00
1.239591e+00
1.240333e+00
1.241384e+00
1.242481e+00
1.242610e+00
1.241514e+00
1.241573e+00
1.243152e+00
1.245226e+00
1.248168e+00
1.252392e+00
1.256536e+00
1.260953e+00
1.264817e+00
1.267257e+00
1.269742e+00
1.273642e+00
1.279113e+00
1.285465e+00
1.291419e+00
1.296810e+00
1.301588e+00
1.305816e+00
1.311049e+00
1.316519e+00
1.320754e+00
1.324516e+00
1.330479e+00
1.337138e+00
1.342643e+00
1.347206e+00
1.350781e+00
1.353977e+00
1.357655e+00
1.361359e+00
1.364488e+00
1.367892e+00
1.371256e+00
1.372523e+00
1.372395e+00
1.371465e+00
1.369624e+00
1.368424e+00
1.366649e+00
1.364283e+00
1.361909e+00
1.358830e+00
1.355157e+00
1.352569e+00
1.349646e+00
1.345577e+00
1.341311e+00
1.337652e+00
1.335494e+00
1.335831e+00
1.336965e+00
1.337004e+00
1.335955e+00
1.334436e+00
1.333016e+00
1.331438e+00
1.329669e+00
1.327662e+00
1.325620e+00
1.322450e+00
1.318991e+00
1.316827e+00
1.314397e+00
1.311425e+00
1.308735e+00
1.304530e+00
1.298868e+00
1.294076e+00
1.290130e+00
1.286581e+00
1.284910e+00
1.285614e+00
1.287025e+00
1.288772e+00
1.291241e+00
1.294765e+00
1.299024e+00
1.303708e+00
1.308016e+00
1.311825e+00
1.314822e+00
1.318845e+00
1.323248e+00
1.327043e+00
1.330477e+00
1.332395e+00
1.334387e+00
1.337180e+00
1.338148e+00
1.338532e+00
1.339122e+00
1.338349e+00
1.336939e+00
1.336216e+00
1.335536e+00
1.334614e+00
1.332462e+00
1.329281e+00
1.328281e+00
1.329638e+00
1.331357e+00
1.332835e+00
1.334240e+00
1.336856e+00
1.339350e+00
1.341367e+00
1.343877e+00
1.345475e+00
1.346548e+00
1.346702e+00
1.344976e+00
1.342247e+00
1.341219e+00
1.340838e+00
1.340206e+00
1.339852e+00
1.339234e+00
1.339745e+00
1.340129e+00
1.339451e+00
1.338781e+00
1.337889e+00
1.336750e+00
1.336049e+00
1.335481e+00
1.334066e+00
1.332399e+00
1.332147e+00
1.332924e+00
1.335013e+00
1.337432e+00
1.340644e+00
1.344306e+00
1.345321e+00
1.343633e+00
1.342642e+00
1.342795e+00
1.343716e+00
1.344235e+00
1.344917e+00
1.346863e+00
1.348749e+00
1.350540e+00
1.352956e+00
1.356574e+00
1.360099e+00
1.363825e+00
1.369058e+00
1.375900e+00
1.383635e+00
1.392462e+00
1.401923e+00
1.409820e+00
1.414966e+00
1.418123e+00
1.419657e+00
1.419807e+00
1.418120e+00
1.415974e+00
1.413857e+00
1.411535e+00
1.409759e+00
1.409227e+00
1.407807e+00
1.404760e+00
1.401501e+00
1.398863e+00
1.396054e+00
1.394364e+00
1.394377e+00
1.394451e+00
1.394895e+00
1.396413e+00
1.398095e+00
1.399275e+00
1.400099e+00
1.402517e+00
1.406797e+00
1.410513e+00
1.412433e+00
1.414411e+00
1.416347e+00
1.416484e+00
1.416629e+00
1.418163e+00
1.420115e+00
1.421805e+00
1.423477e+00
1.425695e+00
1.428251e+00
1.430209e+00
1.431657e+00
1.432280e+00
1.431576e+00
1.430812e+00
1.429919e+00
1.428226e+00
1.427396e+00
1.428043e+00
1.429721e+00
1.431605e+00
1.434027e+00
1.437065e+00
1.439826e+00
1.441036e+00
1.440737e+00
1.440249e+00
1.441010e+00
1.441628e+00
1.441089e+00
1.439306e+00
1.436545e+00
1.433086e+00
1.429853e+00
1.427087e+00
1.425094e+00
1.422829e+00
1.417937e+00
1.412100e+00
1.406896e+00
1.401298e+00
1.395203e+00
1.389537e+00
1.385643e+00
1.382943e+00
1.381238e+00
1.381231e+00
1.380186e+00
1.377717e+00
1.375180e+00
1.372308e+00
1.369434e+00
1.367809e+00
1.365645e+00
1.361963e+00
1.358279e+00
1.353874e+00
1.347677e+00
1.341568e+00
1.335850e+00
1.330140e+00
1.325439e+00
1.322417e+00
1.321293e+00
1.321001e+00
1.319733e+00
1.315869e+00
1.311311e+00
1.306350e+00
1.302012e+00
1.299205e+00
1.298406e+00
1.298268e+00
1.298391e+00
1.298443e+00
1.299081e+00
1.299187e+00
1.298702e+00
1.297009e+00
1.293685e+00
1.289039e+00
1.284036e+00
1.278765e+00
1.274675e+00
1.271258e+00
1.268109e+00
1.264907e+00
1.261925e+00
1.259184e+00
1.255785e+00
1.251946e+00
1.246652e+00
1.239568e+00
1.231609e+00
1.225546e+00
1.220306e+00
1.214922e+00
1.210213e+00
1.207121e+00
1.204514e+00
1.200885e+00
1.195926e+00
1.191014e+00
1.186788e+00
1.181915e+00
1.176520e+00
1.172419e+00
1.169274e+00
1.165259e+00
1.160034e+00
1.154489e+00
1.151017e+00
1.148674e+00
1.145359e+00
1.142137e+00
1.139194e+00
1.136832e+00
1.136170e+00
1.136272e+00
1.135579e+00
1.133886e+00
1.131627e+00
1.128792e+00
1.124849e+00
1.121358e+00
1.118092e+00
1.113200e+00
1.106441e+00
1.099976e+00
1.094796e+00
1.090025e+00
1.084616e+00
1.079882e+00
1.077270e+00
1.075615e+00
1.074889e+00
1.074881e+00
1.073819e+00
1.072856e+00
1.072545e+00
1.072925e+00
1.073272e+00
1.073501e+00
1.072674e+00
1.070095e+00
1.067444e+00
1.063935e+00
1.059313e+00
1.054134e+00
1.047481e+00
1.040638e+00
1.035009e+00
1.030242e+00
1.026468e+00
1.022641e+00
1.018608e+00
1.013890e+00
1.007917e+00
1.001101e+00
9.941190e-01
9.878382e-01
9.826507e-01
9.783370e-01
9.751727e-01
9.726996e-01
9.695545e-01
9.664568e-01
9.640448e-01
9.605062e-01
9.551204e-01
9.482758e-01
9.415900e-01
9.348056e-01
9.282813e-01
9.236086e-01
9.188909e-01
9.134084e-01
9.076882e-01
9.025251e-01
8.977974e-01
8.928059e-01
8.867296e-01
8.804632e-01
8.754903e-01
8.708145e-01
8.668361e-01
8.634365e-01
8.604801e-01
8.584899e-01
8.561292e-01
8.517174e-01
8.478363e-01
8.451915e-01
8.413290e-01
8.362144e-01
8.321419e-01
8.292354e-01
8.270161e-01
8.244520e-01
8.218079e-01
8.197194e-01
8.186248e-01
8.179241e-01
8.170107e-01
8.169218e-01
8.175608e-01
8.172482e-01
8.166599e-01
8.168840e-01
8.157818e-01
8.140202e-01
8.107603e-01
8.053932e-01
7.991078e-01
7.930756e-01
7.872918e-01
7.817517e-01
7.764611e-01
7.699749e-01
7.615213e-01
7.530497e-01
7.453219e-01
7.380843e-01
7.307678e-01
7.238984e-01
7.189272e-01
7.154462e-01
7.121770e-01
7.088592e-01
7.063588e-01
7.048826e-01
7.029940e-01
7.007330e-01
6.973192e-01
6.928291e-01
6.891233e-01
6.865790e-01
6.846900e-01
6.820838e-01
6.791108e-01
6.764556e-01
6.727695e-01
6.685197e-01
6.635241e-01
6.568928e-01
6.507383e-01
6.432773e-01
6.340439e-01
6.233866e-01
6.132325e-01
6.046900e-01
5.979078e-01
5.930939e-01
5.881688e-01
5.835642e-01
5.799138e-01
5.756908e-01
5.712350e-01
5.672534e-01
5.633769e-01
5.600218e-01
5.572787e-01
5.547199e-01
5.523429e-01
5.501657e-01
5.480406e-01
5.455627e-01
5.440374e-01
5.448623e-01
5.463491e-01
5.474722e-01
5.473655e-01
5.465845e-01
5.457226e-01
5.432470e-01
5.395197e-01
5.349464e-01
5.306071e-01
5.268305e-01
5.219530e-01
5.157340e-01
5.111258e-01
5.068347e-01
5.033283e-01
5.011952e-01
4.974358e-01
4.925714e-01
4.889245e-01
4.863074e-01
4.829460e-01
4.788776e-01
4.748077e-01
4.711455e-01
4.675438e-01
4.622989e-01
4.567864e-01
4.525524e-01
4.474972e-01
4.418676e-01
4.372634e-01
4.336773e-01
4.305226e-01
4.283884e-01
4.268144e-01
4.244177e-01
4.219970e-01
4.216475e-01
4.231167e-01
4.242116e-01
4.246173e-01
4.230191e-01
4.205026e-01
4.178562e-01
4.143903e-01
4.109311e-01
4.082959e-01
4.055116e-01
4.016205e-01
3.964660e-01
3.919781e-01
3.883960e-01
3.861661e-01
3.843482e-01
3.825614e-01
3.811296e-01
3.790936e-01
3.766669e-01
3.740918e-01
3.715614e-01
3.692423e-01
3.670605e-01
3.653489e-01
3.639719e-01
3.622554e-01
3.605643e-01
3.583572e-01
3.551979e-01
3.510978e-01
3.455802e-01
3.382320e-01
3.299474e-01
3.224943e-01
3.151464e-01
3.095894e-01
3.066610e-01
3.045320e-01
3.017369e-01
2.983538e-01
2.940505e-01
2.893943e-01
2.848935e-01
2.810934e-01
2.782815e-01
2.759133e-01
2.723399e-01
2.690146e-01
2.672252e-01
2.651501e-01
2.629977e-01
2.609347e-01
2.599127e-01
2.600503e-01
2.605145e-01
2.622120e-01
2.642833e-01
2.662442e-01
2.685180e-01
2.729453e-01
2.789120e-01
2.847465e-01
2.891550e-01
2.925332e-01
2.944633e-01
2.959454e-01
2.975496e-01
2.991360e-01
3.008688e-01
3.022008e-01
3.029699e-01
3.043890e-01
3.065466e-01
3.080165e-01
3.094820e-01
3.111083e-01
3.138271e-01
3.162552e-01
3.171857e-01
3.187448e-01
3.206762e-01
3.233883e-01
3.268001e-01
3.303600e-01
3.333186e-01
3.339294e-01
3.343796e-01
3.350507e-01
3.368605e-01
3.382890e-01
3.387242e-01
3.386456e-01
3.394347e-01
3.411716e-01
3.428244e-01
3.441589e-01
3.454292e-01
3.477194e-01
3.490645e-01
3.472440e-01
3.436892e-01
3.394395e-01
3.333417e-01
3.270246e-01
3.221741e-01
3.182787e-01
3.156808e-01
3.142635e-01
3.129890e-01
3.108885e-01
3.089594e-01
3.080152e-01
3.075110e-01
3.076851e-01
3.074984e-01
3.068144e-01
3.066669e-01
3.089996e-01
3.120898e-01
3.142565e-01
3.147398e-01
3.146527e-01
3.152201e-01
3.156147e-01
3.159888e-01
3.163903e-01
3.185257e-01
3.219801e-01
3.251623e-01
3.272984e-01
3.288798e-01
3.304661e-01
3.324637e-01
3.350721e-01
3.376951e-01
3.407307e-01
3.447726e-01
3.488628e-01
3.512764e-01
3.524935e-01
3.541274e-01
3.550307e-01
3.557344e-01
3.557711e-01
3.545259e-01
3.536530e-01
3.539446e-01
3.548674e-01
3.551393e-01
3.550165e-01
3.560199e-01
3.564515e-01
3.568234e-01
3.574391e-01
3.592725e-01
3.619791e-01
3.642603e-01
3.659984e-01
3.668841e-01
3.685496e-01
3.693389e-01
3.686061e-01
3.674688e-01
3.656653e-01
3.630407e-01
3.602154e-01
3.577159e-01
3.558962e-01
3.538624e-01
3.514837e-01
3.485666e-01
3.458795e-01
3.433788e-01
3.407689e-01
3.389064e-01
3.376670e-01
3.362248e-01
3.344185e-01
3.327203e-01
3.317135e-01
3.312654e-01
3.313956e-01
3.316640e-01
3.326480e-01
3.347650e-01
3.376034e-01
3.406853e-01
3.437319e-01
3.456709e-01
3.469937e-01
3.485287e-01
3.477112e-01
3.461510e-01
3.460050e-01
3.463797e-01
3.472546e-01
3.483478e-01
3.492808e-01
3.501783e-01
3.499352e-01
3.503346e-01
3.512590e-01
3.501072e-01
3.478931e-01
3.448408e-01
3.406314e-01
3.371212e-01
3.342772e-01
3.324706e-01
3.319382e-01
3.320362e-01
3.325467e-01
3.332766e-01
3.342008e-01
3.354884e-01
3.373234e-01
3.393950e-01
3.421132e-01
3.459918e-01
3.487655e-01
3.489371e-01
3.490272e-01
3.499868e-01
3.506764e-01
3.509914e-01
3.499726e-01
3.474183e-01
3.440801e-01
3.418758e-01
3.401483e-01
3.371337e-01
3.335358e-01
3.310372e-01
3.298481e-01
3.300196e-01
3.299649e-01
3.305140e-01
3.319970e-01
3.333639e-01
3.335915e-01
3.329399e-01
3.331752e-01
3.338647e-01
3.345449e-01
3.358810e-01
3.376153e-01
3.388399e-01
3.393444e-01
3.386042e-01
3.380338e-01
3.382933e-01
3.377199e-01
3.381281e-01
3.391792e-01
3.401340e-01
3.415384e-01
3.435378e-01
3.462491e-01
3.492648e-01
3.528643e-01
3.574053e-01
3.612872e-01
3.651087e-01
3.684698e-01
3.700024e-01
3.708434e-01
3.719418e-01
3.735704e-01
3.755815e-01
3.763273e-01
3.762268e-01
3.765503e-01
3.761373e-01
3.772393e-01
3.799597e-01
3.826779e-01
3.838750e-01
3.846318e-01
3.853475e-01
3.850313e-01
3.835540e-01
3.836571e-01
3.845566e-01
3.849092e-01
3.867566e-01
3.885470e-01
3.895798e-01
3.898307e-01
3.908144e-01
3.930158e-01
3.953717e-01
3.977136e-01
3.990915e-01
3.995009e-01
3.982109e-01
3.955752e-01
3.928631e-01
3.901912e-01
3.865945e-01
3.818899e-01
3.767032e-01
3.724914e-01
3.710299e-01
3.716091e-01
3.731698e-01
3.750578e-01
3.771345e-01
3.805725e-01
3.848299e-01
3.880139e-01
3.905615e-01
3.934158e-01
3.963758e-01
3.994841e-01
4.015640e-01
4.035717e-01
4.061475e-01
4.079057e-01
4.081558e-01
4.072091e-01
4.045450e-01
4.019651e-01
3.992225e-01
3.956935e-01
3.923814e-01
3.892436e-01
3.864408e-01
3.839459e-01
3.822858e-01
3.810811e-01
3.798212e-01
3.774331e-01
3.758390e-01
3.775399e-01
3.805490e-01
3.819858e-01
3.818879e-01
3.808367e-01
3.805192e-01
3.812903e-01
3.823554e-01
3.838392e-01
3.852573e-01
3.843055e-01
3.827167e-01
3.822871e-01
3.825271e-01
3.813012e-01
3.804715e-01
3.801842e-01
3.796260e-01
3.796923e-01
3.790934e-01
3.761016e-01
3.727749e-01
3.705375e-01
3.674227e-01
3.637140e-01
3.591550e-01
3.545033e-01
3.508425e-01
3.470860e-01
3.448669e-01
3.439800e-01
3.433066e-01
3.432765e-01
3.440902e-01
3.444689e-01
3.443449e-01
3.443724e-01
3.437379e-01
3.443216e-01
3.449213e-01
3.457512e-01
3.480324e-01
3.507715e-01
3.531050e-01
3.545807e-01
3.556022e-01
3.580936e-01
3.614300e-01
3.653757e-01
3.703045e-01
3.761012e-01
3.812318e-01
3.852846e-01
3.878244e-01
3.896850e-01
3.915218e-01
3.939890e-01
3.970451e-01
3.996032e-01
4.027164e-01
4.067272e-01
4.110993e-01
4.157763e-01
4.195162e-01
4.233713e-01
4.275788e-01
4.307227e-01
4.333281e-01
4.341847e-01
4.334237e-01
4.322254e-01
4.315188e-01
4.308542e-01
4.303438e-01
4.297391e-01
4.294563e-01
4.296357e-01
4.295937e-01
4.299348e-01
4.305145e-01
4.319944e-01
4.335816e-01
4.352435e-01
4.384773e-01
4.414545e-01
4.435926e-01
4.456544e-01
4.473513e-01
4.488713e-01
4.497176e-01
4.515019e-01
4.544594e-01
4.565586e-01
4.569540e-01
4.563103e-01
4.535497e-01
4.495121e-01
4.449816e-01
4.422816e-01
4.410156e-01
4.399379e-01
4.401343e-01
4.410994e-01
4.427401e-01
4.450476e-01
4.470549e-01
4.478197e-01
4.497947e-01
4.522491e-01
4.535647e-01
4.546512e-01
4.543640e-01
4.533398e-01
4.530596e-01
4.545968e-01
4.580234e-01
4.620891e-01
4.667852e-01
4.723467e-01
4.793652e-01
4.868019e-01
4.925310e-01
4.976863e-01
5.040339e-01
5.112337e-01
5.187387e-01
5.255226e-01
5.318689e-01
5.383108e-01
5.455942e-01
5.551808e-01
5.654677e-01
5.758085e-01
5.853350e-01
5.937303e-01
6.013003e-01
6.080440e-01
6.138482e-01
6.198101e-01
6.262715e-01
6.333559e-01
6.406205e-01
6.478068e-01
6.540627e-01
6.594358e-01
6.642378e-01
6.689027e-01
6.726208e-01
6.757512e-01
6.789833e-01
6.819486e-01
6.848703e-01
6.880796e-01
6.935350e-01
6.991350e-01
7.043695e-01
7.099873e-01
7.146441e-01
7.186031e-01
7.213453e-01
7.235517e-01
7.263516e-01
7.298967e-01
7.336459e-01
7.366790e-01
7.393261e-01
7.423588e-01
7.462717e-01
7.503060e-01
7.532455e-01
7.561585e-01
7.600956e-01
7.642158e-01
7.668102e-01
7.689713e-01
7.719834e-01
7.752981e-01
7.784842e-01
7.794087e-01
7.784566e-01
7.769240e-01
7.749712e-01
7.752889e-01
7.778899e-01
7.815279e-01
7.838037e-01
7.846677e-01
7.860989e-01
7.880796e-01
7.903416e-01
7.934861e-01
7.973259e-01
8.012671e-01
8.043042e-01
8.061940e-01
8.080609e-01
8.109461e-01
8.147992e-01
8.187121e-01
8.225194e-01
8.260857e-01
8.281090e-01
8.285457e-01
8.287710e-01
8.289455e-01
8.288457e-01
8.288922e-01
8.297555e-01
8.310848e-01
8.339426e-01
8.370844e-01
8.385794e-01
8.411225e-01
8.456327e-01
8.502312e-01
8.549354e-01
8.600403e-01
8.659304e-01
8.733028e-01
8.806667e-01
8.881993e-01
8.969059e-01
9.035328e-01
9.092825e-01
9.145074e-01
9.200572e-01
9.263382e-01
9.312070e-01
9.348134e-01
9.389139e-01
9.443393e-01
9.495142e-01
9.534913e-01
9.565160e-01
9.591963e-01
9.602884e-01
9.600720e-01
9.594440e-01
9.595598e-01
9.605485e-01
9.628535e-01
9.664509e-01
9.711643e-01
9.756505e-01
9.811603e-01
9.874669e-01
9.922953e-01
9.953132e-01
1.000053e+00
1.006658e+00
1.012942e+00
1.018664e+00
1.024484e+00
1.029489e+00
1.033862e+00
1.038579e+00
1.044136e+00
1.050144e+00
1.056195e+00
1.061265e+00
1.065255e+00
1.069173e+00
1.073450e+00
1.078207e+00
1.083118e+00
1.088444e+00
1.093903e+00
1.099269e+00
1.103683e+00
1.109088e+00
1.116596e+00
1.124821e+00
1.133182e+00
1.141251e+00
1.149159e+00
1.157203e+00
1.163869e+00
1.170294e+00
1.176216e+00
1.179819e+00
1.182678e+00
1.185966e+00
1.189529e+00
1.194864e+00
1.199686e+00
1.202675e+00
1.204271e+00
1.206518e+00
1.209364e+00
1.212025e+00
1.216241e+00
1.219619e+00
1.221877e+00
1.223557e+00
1.224522e+00
1.225239e+00
1.225363e+00
1.226624e+00
1.229671e+00
1.232402e+00
1.234289e+00
1.235953e+00
1.237354e+00
1.239939e+00
1.243226e+00
1.245649e+00
1.247325e+00
1.250011e+00
1.253895e+00
1.258312e+00
1.262865e+00
1.267987e+00
1.273581e+00
1.278020e+00
1.281616e+00
1.285293e+00
1.288853e+00
1.292703e+00
1.296584e+00
1.300982e+00
1.306157e+00
1.310883e+00
1.313943e+00
1.316869e+00
1.320777e+00
1.324423e+00
1.326375e+00
1.328415e+00
1.330864e+00
1.334129e+00
1.336885e+00
1.338115e+00
1.338798e+00
1.339667e+00
1.340670e+00
1.342432e+00
1.344229e+00
1.344453e+00
1.344937e+00
1.347455e+00
1.349784e+00
1.350986e+00
1.352812e+00
1.354508e+00
1.355075e+00
1.356639e+00
1.359677e+00
1.362689e+00
1.366421e+00
1.371371e+00
1.377236e+00
1.382919e+00
1.388890e+00
1.394396e+00
1.398955e+00
1.402326e+00
1.404180e+00
1.406976e+00
1.409691e+00
1.411305e+00
1.413982e+00
1.417397e+00
1.420570e+00
1.424257e+00
1.428092e+00
1.431102e+00
1.433816e+00
1.436451e+00
1.438990e+00
1.441794e+00
1.444223e+00
1.446479e+00
1.450077e+00
1.454991e+00
1.460985e+00
1.467029e+00
1.472961e+00
1.477628e+00
1.481403e+00
1.484862e+00
1.486746e+00
1.487271e+00
1.486442e+00
1.484712e+00
1.483948e+00
1.484948e+00
1.486826e+00
1.488755e+00
1.489807e+00
1.490155e+00
1.489547e+00
1.488679e+00
1.488845e+00
1.490298e+00
1.490182e+00
1.488000e+00
1.485744e+00
1.483987e+00
1.481899e+00
1.479423e+00
1.477913e+00
1.476705e+00
1.476084e+00
1.476284e+00
1.477268e+00
1.478592e+00
1.479392e+00
1.480948e+00
1.483183e+00
1.484717e+00
1.486427e+00
1.489366e+00
1.493137e+00
1.496313e+00
1.498618e+00
1.501629e+00
1.504572e+00
1.507502e+00
1.509764e+00
1.511244e+00
1.513229e+00
1.515875e+00
1.517836e+00
1.519354e+00
1.521146e+00
1.522997e+00
1.524815e+00
1.526841e+00
1.528310e+00
1.528690e+00
1.529435e+00
1.530855e+00
1.531972e+00
1.532015e+00
1.531290e+00
1.531103e+00
1.531390e+00
1.531868e+00
1.532539e+00
1.531729e+00
1.531185e+00
1.531611e+00
1.532497e+00
1.534388e+00
1.536188e+00
1.537382e+00
1.538217e+00
1.539381e+00
1.541106e+00
1.544057e+00
1.549556e+00
1.555288e+00
1.559577e+00
1.562847e+00
1.566527e+00
1.571646e+00
1.577146e+00
1.581373e+00
1.585087e+00
1.588734e+00
1.591279e+00
1.593100e+00
1.595208e+00
1.596690e+00
1.597469e+00
1.597894e+00
1.598128e+00
1.598325e+00
1.599491e+00
1.601320e+00
1.601428e+00
1.600123e+00
1.598939e+00
1.597530e+00
1.596507e+00
1.595864e+00
1.596580e+00
1.599239e+00
1.601552e+00
1.603378e+00
1.605225e+00
1.605035e+00
1.604089e+00
1.604567e+00
1.605668e+00
1.606772e+00
1.607413e+00
1.607456e+00
1.608358e+00
1.611374e+00
1.616285e+00
1.621682e+00
1.626995e+00
1.632014e+00
1.635824e+00
1.637842e+00
1.639832e+00
1.641447e+00
1.643468e+00
1.646452e+00
1.650094e+00
1.653586e+00
1.656778e+00
1.659138e+00
1.660604e+00
1.662467e+00
1.665807e+00
1.668915e+00
1.670616e+00
1.670559e+00
1.668890e+00
1.666379e+00
1.663685e+00
1.661343e+00
1.658992e+00
1.656241e+00
1.653288e+00
1.649880e+00
1.647305e+00
1.646526e+00
1.645657e+00
1.643276e+00
1.640317e+00
1.638595e+00
1.638420e+00
1.639075e+00
1.639172e+00
1.639402e+00
1.640732e+00
1.641689e+00
1.641962e+00
1.640558e+00
1.637753e+00
1.634732e+00
1.631369e+00
1.628807e+00
1.627434e+00
1.626220e+00
1.625653e+00
1.624685e+00
1.623695e+00
1.622318e+00
1.620334e+00
1.618045e+00
1.614947e+00
1.612497e+00
1.611175e+00
1.609895e+00
1.607163e+00
1.604446e+00
1.601682e+00
1.598560e+00
1.595194e+00
1.592726e+00
1.591443e+00
1.589564e+00
1.586827e+00
1.584196e+00
1.581670e+00
1.580613e+00
1.579151e+00
1.576571e+00
1.573211e+00
1.569779e+00
1.567752e+00
1.567192e+00
1.566084e+00
1.565047e+00
1.564950e+00
1.565796e+00
1.566313e+00
1.566196e+00
1.566230e+00
1.565351e+00
1.563257e+00
1.560455e+00
1.557129e+00
1.554611e+00
1.551300e+00
1.547977e+00
1.543981e+00
1.540320e+00
1.538616e+00
1.537641e+00
1.536086e+00
1.533826e+00
1.531323e+00
1.529183e+00
1.525830e+00
1.521716e+00
1.516380e+00
1.510080e+00
1.503930e+00
1.497904e+00
1.491085e+00
1.484216e+00
1.478295e+00
1.472636e+00
1.466165e+00
1.459648e+00
1.454278e+00
1.449430e+00
1.445165e+00
1.443153e+00
1.442086e+00
1.440420e+00
1.439207e+00
1.438120e+00
1.437497e+00
1.438799e+00
1.439331e+00
1.438717e+00
1.438382e+00
1.437751e+00
1.436846e+00
1.435631e+00
1.433301e+00
