0.000000e+00
-1.894812e-05
-1.342196e-05
8.008790e-06
9.427706e-05
1.478311e-04
-8.453755e-05
-1.679449e-04
-8.722015e-05
-2.649124e-04
9.746849e-05
2.066870e-04
1.427154e-04
-1.303290e-04
-5.862443e-04
-8.430324e-04
-1.491225e-03
-2.125800e-03
-2.627650e-03
-3.240009e-03
-4.129380e-03
-5.444187e-03
-6.037159e-03
-6.789914e-03
-7.631182e-03
-7.442936e-03
-7.248519e-03
-6.658107e-03
-4.999264e-03
-3.212663e-03
-1.380433e-03
-3.460516e-04
-6.489100e-05
-1.652883e-04
-2.514916e-04
1.957983e-04
1.520888e-03
3.488188e-03
6.219706e-03
9.342860e-03
1.288118e-02
1.720145e-02
2.167377e-02
2.643852e-02
3.093849e-02
3.544494e-02
3.929767e-02
4.142623e-02
4.192997e-02
4.182121e-02
4.259990e-02
4.484959e-02
4.684342e-02
4.881806e-02
5.157091e-02
5.515521e-02
6.045605e-02
6.639885e-02
7.000091e-02
7.142914e-02
7.195706e-02
7.233054e-02
7.183085e-02
7.080719e-02
7.036923e-02
7.068393e-02
7.062269e-02
6.985600e-02
6.964277e-02
7.125471e-02
7.345365e-02
7.569602e-02
7.757191e-02
7.986096e-02
8.229195e-02
8.477922e-02
8.774689e-02
9.077447e-02
9.313300e-02
9.600788e-02
9.936461e-02
1.017642e-01
1.038520e-01
1.060035e-01
1.073890e-01
1.085652e-01
1.104311e-01
1.112448e-01
1.099173e-01
1.073743e-01
1.050581e-01
1.031985e-01
1.023197e-01
1.024352e-01
1.037225e-01
1.054718e-01
1.070715e-01
1.087390e-01
1.104712e-01
1.130145e-01
1.160164e-01
1.179097e-01
1.195149e-01
1.212236e-01
1.232958e-01
1.265008e-01
1.301805e-01
1.324294e-01
1.340652e-01
1.366686e-01
1.398174e-01
1.427148e-01
1.459639e-01
1.489750e-01
1.517604e-01
1.541647e-01
1.558602e-01
1.592915e-01
1.653699e-01
1.721024e-01
1.788033e-01
1.853543e-01
1.911440e-01
1.970856e-01
2.026181e-01
2.075305e-01
2.115303e-01
2.147798e-01
2.162438e-01
2.162681e-01
2.167566e-01
2.174022e-01
2.174814e-01
2.176269e-01
2.171856e-01
2.167085e-01
2.156395e-01
2.138612e-01
2.123368e-01
2.112627e-01
2.106948e-01
2.100300e-01
2.084977e-01
2.073585e-01
2.063653e-01
2.053254e-01
2.040835e-01
2.021981e-01
2.011717e-01
2.001587e-01
1.989383e-01
1.976238e-01
1.951339e-01
1.927705e-01
1.920877e-01
1.924490e-01
1.931901e-01
1.942235e-01
1.957284e-01
1.974641e-01
1.998399e-01
2.023569e-01
2.053532e-01
2.098943e-01
2.152914e-01
2.204644e-01
2.252616e-01
2.290185e-01
2.328549e-01
2.368255e-01
2.396612e-01
2.423207e-01
2.453701e-01
2.489028e-01
2.518488e-01
2.544982e-01
2.567194e-01
2.578420e-01
2.592013e-01
2.616123e-01
2.642235e-01
2.664240e-01
2.688043e-01
2.715584e-01
2.755080e-01
2.807683e-01
2.860162e-01
2.900965e-01
2.938326e-01
2.967960e-01
2.992528e-01
3.027213e-01
3.072724e-01
3.108134e-01
3.128661e-01
3.148156e-01
3.174348e-01
3.203948e-01
3.231669e-01
3.271719e-01
3.318648e-01
3.368820e-01
3.418279e-01
3.459937e-01
3.488265e-01
3.507590e-01
3.519364e-01
3.531218e-01
3.553095e-01
3.583382e-01
3.610119e-01
3.624903e-01
3.631930e-01
3.638153e-01
3.652901e-01
3.676332e-01
3.709337e-01
3.747950e-01
3.791117e-01
3.835670e-01
3.865636e-01
3.877261e-01
3.884876e-01
3.894500e-01
3.904757e-01
3.911962e-01
3.920069e-01
3.935753e-01
3.955309e-01
3.965722e-01
3.975276e-01
3.980744e-01
3.980326e-01
3.972918e-01
3.962412e-01
3.949815e-01
3.956529e-01
3.968392e-01
3.981642e-01
3.991228e-01
4.005562e-01
4.032867e-01
4.063294e-01
4.089132e-01
4.115495e-01
4.135531e-01
4.153061e-01
4.187309e-01
4.223692e-01
4.250231e-01
4.270331e-01
4.279344e-01
4.287217e-01
4.308265e-01
4.341456e-01
4.369627e-01
4.390345e-01
4.415475e-01
4.452848e-01
4.502306e-01
4.554322e-01
4.600451e-01
4.639359e-01
4.682510e-01
4.729433e-01
4.767458e-01
4.799050e-01
4.832554e-01
4.872931e-01
4.918606e-01
4.953500e-01
4.985811e-01
5.030602e-01
5.083471e-01
5.151297e-01
5.221202e-01
5.282831e-01
5.347237e-01
5.420718e-01
5.504979e-01
5.591853e-01
5.666948e-01
5.730886e-01
5.790495e-01
5.839568e-01
5.876044e-01
5.895079e-01
5.904074e-01
5.910280e-01
5.917082e-01
5.927267e-01
5.947817e-01
5.957311e-01
5.960344e-01
5.967445e-01
5.983847e-01
5.998219e-01
6.010979e-01
6.034456e-01
6.062324e-01
6.099650e-01
6.160252e-01
6.227975e-01
6.284999e-01
6.326495e-01
6.350201e-01
6.359605e-01
6.358728e-01
6.342408e-01
6.318912e-01
6.296090e-01
6.278573e-01
6.268007e-01
6.265147e-01
6.257630e-01
6.249865e-01
6.249196e-01
6.247838e-01
6.248366e-01
6.260356e-01
6.273152e-01
6.280942e-01
6.284878e-01
6.291814e-01
6.299741e-01
6.296584e-01
6.280478e-01
6.248593e-01
6.207250e-01
6.167095e-01
6.137011e-01
6.109623e-01
6.080572e-01
6.055389e-01
6.044880e-01
6.039869e-01
6.036175e-01
6.041839e-01
6.054948e-01
6.069298e-01
6.090575e-01
6.135575e-01
6.190563e-01
6.245807e-01
6.296109e-01
6.342682e-01
6.380076e-01
6.416964e-01
6.448817e-01
6.477199e-01
6.492043e-01
6.501895e-01
6.505139e-01
6.504101e-01
6.503008e-01
6.497078e-01
6.481711e-01
6.457786e-01
6.433129e-01
6.409710e-01
6.387961e-01
6.374765e-01
6.364162e-01
6.358658e-01
6.358992e-01
6.365731e-01
6.387215e-01
6.418294e-01
6.445728e-01
6.467730e-01
6.494478e-01
6.518152e-01
6.555986e-01
6.601798e-01
6.640096e-01
6.690984e-01
6.738876e-01
6.773928e-01
6.808564e-01
6.843470e-01
6.890333e-01
6.955037e-01
7.030961e-01
7.106819e-01
7.172975e-01
7.235001e-01
7.296547e-01
7.354856e-01
7.403343e-01
7.451142e-01
7.504137e-01
7.557957e-01
7.609368e-01
7.654801e-01
7.698421e-01
7.743676e-01
7.786169e-01
7.812397e-01
7.824268e-01
7.850884e-01
7.890296e-01
7.938529e-01
7.984367e-01
8.023775e-01
8.071043e-01
8.136910e-01
8.214803e-01
8.289450e-01
8.355963e-01
8.418698e-01
8.487181e-01
8.553330e-01
8.627142e-01
8.703866e-01
8.770874e-01
8.832158e-01
8.895524e-01
8.954507e-01
9.000888e-01
9.038756e-01
9.080425e-01
9.122565e-01
9.149965e-01
9.162480e-01
9.176264e-01
9.197290e-01
9.218489e-01
9.241100e-01
9.247916e-01
9.250655e-01
9.260837e-01
9.265219e-01
9.260230e-01
9.248582e-01
9.235985e-01
9.223813e-01
9.222387e-01
9.222517e-01
9.222483e-01
9.221234e-01
9.226190e-01
9.235738e-01
9.243257e-01
9.243212e-01
9.227389e-01
9.218497e-01
9.238665e-01
9.262499e-01
9.270653e-01
9.282392e-01
9.301978e-01
9.322881e-01
9.351770e-01
9.380349e-01
9.401384e-01
9.416833e-01
9.437063e-01
9.461407e-01
9.483965e-01
9.490768e-01
9.489298e-01
9.481827e-01
9.467963e-01
9.472115e-01
9.486646e-01
9.501207e-01
9.519014e-01
9.530337e-01
9.537586e-01
9.547262e-01
9.556627e-01
9.566796e-01
9.584214e-01
9.610665e-01
9.637441e-01
9.668264e-01
9.701633e-01
9.730629e-01
9.747322e-01
9.759310e-01
9.782657e-01
9.809106e-01
9.826448e-01
9.837746e-01
9.845652e-01
9.860363e-01
9.875333e-01
9.884569e-01
9.893304e-01
9.898136e-01
9.906149e-01
9.925816e-01
9.940768e-01
9.953758e-01
9.973777e-01
1.000848e+00
1.005584e+00
1.011288e+00
1.015515e+00
1.018384e+00
1.020470e+00
1.022405e+00
1.024991e+00
1.028083e+00
1.031301e+00
1.034200e+00
1.036394e+00
1.038639e+00
1.041571e+00
1.044012e+00
1.046189e+00
1.048758e+00
1.051134e+00
1.053221e+00
1.054683e+00
1.054741e+00
1.054561e+00
1.055018e+00
1.055515e+00
1.056238e+00
1.056930e+00
1.057491e+00
1.058974e+00
1.060772e+00
1.062778e+00
1.063961e+00
1.064578e+00
1.064668e+00
1.065098e+00
1.066441e+00
1.068374e+00
1.070499e+00
1.072888e+00
1.075097e+00
1.076200e+00
1.076720e+00
1.076990e+00
1.079061e+00
1.082027e+00
1.085324e+00
1.088905e+00
1.092487e+00
1.096687e+00
1.101231e+00
1.105322e+00
1.109888e+00
1.115248e+00
1.120435e+00
1.125053e+00
1.129188e+00
1.133086e+00
1.136225e+00
1.139213e+00
1.144106e+00
1.148193e+00
1.149855e+00
1.150735e+00
1.151795e+00
1.153060e+00
1.154396e+00
1.154943e+00
1.154406e+00
1.154815e+00
1.156389e+00
1.158342e+00
1.160996e+00
1.164739e+00
1.168360e+00
1.172235e+00
1.175717e+00
1.178010e+00
1.180295e+00
1.183758e+00
1.188478e+00
1.193896e+00
1.199063e+00
1.203799e+00
1.208052e+00
1.211798e+00
1.216454e+00
1.221322e+00
1.225251e+00
1.228802e+00
1.234096e+00
1.239931e+00
1.244904e+00
1.249151e+00
1.252594e+00
1.255764e+00
1.259347e+00
1.262894e+00
1.265964e+00
1.269288e+00
1.272550e+00
1.274115e+00
1.274546e+00
1.274275e+00
1.273202e+00
1.272642e+00
1.271581e+00
1.270064e+00
1.268462e+00
1.266274e+00
1.263496e+00
1.261555e+00
1.259363e+00
1.256194e+00
1.252819e+00
1.249911e+00
1.248189e+00
1.248519e+00
1.249494e+00
1.249603e+00
1.248765e+00
1.247567e+00
1.246474e+00
1.245169e+00
1.243675e+00
1.241978e+00
1.240272e+00
1.237593e+00
1.234684e+00
1.232802e+00
1.230683e+00
1.228157e+00
1.225833e+00
1.222263e+00
1.217495e+00
1.213383e+00
1.210004e+00
1.206944e+00
1.205332e+00
1.205633e+00
1.206480e+00
1.207678e+00
1.209457e+00
1.212117e+00
1.215377e+00
1.219004e+00
1.222328e+00
1.225320e+00
1.227681e+00
1.230879e+00
1.234320e+00
1.237320e+00
1.240095e+00
1.241597e+00
1.243171e+00
1.245426e+00
1.246241e+00
1.246597e+00
1.247111e+00
1.246539e+00
1.245424e+00
1.244853e+00
1.244292e+00
1.243577e+00
1.241796e+00
1.239142e+00
1.238268e+00
1.239299e+00
1.240613e+00
1.241707e+00
1.242752e+00
1.244859e+00
1.246831e+00
1.248425e+00
1.250417e+00
1.251639e+00
1.252502e+00
1.252611e+00
1.251226e+00
1.248940e+00
1.248032e+00
1.247633e+00
1.247045e+00
1.246727e+00
1.246149e+00
1.246486e+00
1.246716e+00
1.246077e+00
1.245417e+00
1.244552e+00
1.243503e+00
1.242799e+00
1.242150e+00
1.240803e+00
1.239198e+00
1.238803e+00
1.239249e+00
1.240776e+00
1.242566e+00
1.244996e+00
1.247886e+00
1.248689e+00
1.247206e+00
1.246280e+00
1.246255e+00
1.246908e+00
1.247171e+00
1.247573e+00
1.249036e+00
1.250423e+00
1.251792e+00
1.253626e+00
1.256524e+00
1.259355e+00
1.262336e+00
1.266546e+00
1.272100e+00
1.278408e+00
1.285633e+00
1.293433e+00
1.300014e+00
1.304418e+00
1.307195e+00
1.308664e+00
1.309069e+00
1.307933e+00
1.306461e+00
1.304994e+00
1.303364e+00
1.302121e+00
1.301855e+00
1.300811e+00
1.298433e+00
1.295824e+00
1.293679e+00
1.291364e+00
1.289976e+00
1.289879e+00
1.289779e+00
1.289987e+00
1.291085e+00
1.292329e+00
1.293188e+00
1.293725e+00
1.295560e+00
1.298974e+00
1.301998e+00
1.303584e+00
1.305205e+00
1.306807e+00
1.306945e+00
1.307038e+00
1.308290e+00
1.309913e+00
1.311294e+00
1.312713e+00
1.314515e+00
1.316627e+00
1.318302e+00
1.319521e+00
1.320075e+00
1.319536e+00
1.318908e+00
1.318218e+00
1.316803e+00
1.316146e+00
1.316700e+00
1.318006e+00
1.319500e+00
1.321438e+00
1.323860e+00
1.326121e+00
1.327145e+00
1.326938e+00
1.326598e+00
1.327291e+00
1.327830e+00
1.327459e+00
1.326103e+00
1.323963e+00
1.321174e+00
1.318536e+00
1.316274e+00
1.314599e+00
1.312688e+00
1.308633e+00
1.303757e+00
1.299385e+00
1.294643e+00
1.289415e+00
1.284522e+00
1.281056e+00
1.278470e+00
1.276689e+00
1.276312e+00
1.275061e+00
1.272685e+00
1.270225e+00
1.267472e+00
1.264700e+00
1.262971e+00
1.260784e+00
1.257328e+00
1.253858e+00
1.249828e+00
1.244288e+00
1.238840e+00
1.233659e+00
1.228439e+00
1.224053e+00
1.221006e+00
1.219499e+00
1.218625e+00
1.216963e+00
1.213157e+00
1.208838e+00
1.204098e+00
1.199942e+00
1.196978e+00
1.195636e+00
1.194791e+00
1.194243e+00
1.193615e+00
1.193515e+00
1.192989e+00
1.192001e+00
1.190048e+00
1.186775e+00
1.182466e+00
1.177886e+00
1.172947e+00
1.169028e+00
1.165668e+00
1.162539e+00
1.159300e+00
1.156219e+00
1.153346e+00
1.149923e+00
1.146155e+00
1.141151e+00
1.134704e+00
1.127514e+00
1.121874e+00
1.116824e+00
1.111689e+00
1.107098e+00
1.103806e+00
1.100878e+00
1.097155e+00
1.092375e+00
1.087612e+00
1.083382e+00
1.078647e+00
1.073499e+00
1.069324e+00
1.065974e+00
1.061919e+00
1.056849e+00
1.051474e+00
1.047787e+00
1.045053e+00
1.041512e+00
1.038059e+00
1.034825e+00
1.032092e+00
1.030706e+00
1.029995e+00
1.028705e+00
1.026628e+00
1.024066e+00
1.021042e+00
1.017084e+00
1.013532e+00
1.010162e+00
1.005439e+00
9.991837e-01
9.931628e-01
9.881402e-01
9.833990e-01
9.781490e-01
9.735159e-01
9.705433e-01
9.683506e-01
9.669919e-01
9.662072e-01
9.645770e-01
9.630269e-01
9.619834e-01
9.615347e-01
9.610212e-01
9.604766e-01
9.590997e-01
9.563036e-01
9.534580e-01
9.499052e-01
9.454292e-01
9.404692e-01
9.342959e-01
9.279257e-01
9.225909e-01
9.179300e-01
9.140921e-01
9.101795e-01
9.061044e-01
9.015140e-01
8.958716e-01
8.895531e-01
8.830532e-01
8.771114e-01
8.720900e-01
8.677009e-01
8.642327e-01
8.613456e-01
8.579260e-01
8.545670e-01
8.517602e-01
8.480586e-01
8.428965e-01
8.364959e-01
8.302175e-01
8.238537e-01
8.176948e-01
8.130539e-01
8.082941e-01
8.029206e-01
7.973493e-01
7.921702e-01
7.873451e-01
7.823012e-01
7.764048e-01
7.703477e-01
7.653004e-01
7.604846e-01
7.562666e-01
7.524960e-01
7.491296e-01
7.465074e-01
7.436003e-01
7.390770e-01
7.349806e-01
7.318804e-01
7.277808e-01
7.226988e-01
7.184444e-01
7.151190e-01
7.124392e-01
7.094673e-01
7.064352e-01
7.038924e-01
7.021706e-01
7.007382e-01
6.991916e-01
6.983457e-01
6.980413e-01
6.970468e-01
6.958716e-01
6.953835e-01
6.938328e-01
6.917909e-01
6.884890e-01
6.834646e-01
6.776700e-01
6.720596e-01
6.666843e-01
6.614432e-01
6.564171e-01
6.504586e-01
6.428180e-01
6.351450e-01
6.280207e-01
6.213261e-01
6.145017e-01
6.079682e-01
6.029871e-01
5.991630e-01
5.955381e-01
5.918919e-01
5.888957e-01
5.867636e-01
5.843164e-01
5.815649e-01
5.778678e-01
5.733243e-01
5.694075e-01
5.663967e-01
5.639399e-01
5.608556e-01
5.574994e-01
5.544310e-01
5.505275e-01
5.461803e-01
5.412213e-01
5.348851e-01
5.290100e-01
5.219966e-01
5.135545e-01
5.039288e-01
4.946640e-01
4.866619e-01
4.800870e-01
4.751548e-01
4.700798e-01
4.653261e-01
4.613238e-01
4.568173e-01
4.521768e-01
4.479274e-01
4.437486e-01
4.400200e-01
4.367659e-01
4.336539e-01
4.307438e-01
4.280288e-01
4.253794e-01
4.224299e-01
4.202548e-01
4.200679e-01
4.204709e-01
4.205955e-01
4.197212e-01
4.183457e-01
4.168952e-01
4.140945e-01
4.103318e-01
4.058894e-01
4.016658e-01
3.978437e-01
3.931811e-01
3.874095e-01
3.829160e-01
3.787030e-01
3.751011e-01
3.726198e-01
3.688255e-01
3.640943e-01
3.603829e-01
3.574920e-01
3.540168e-01
3.499791e-01
3.459247e-01
3.422098e-01
3.385317e-01
3.335058e-01
3.282937e-01
3.241087e-01
3.192029e-01
3.138684e-01
3.093344e-01
3.056034e-01
3.021951e-01
2.996105e-01
2.975313e-01
2.947846e-01
2.920185e-01
2.909768e-01
2.914085e-01
2.915718e-01
2.912614e-01
2.892984e-01
2.866431e-01
2.838727e-01
2.804279e-01
2.769898e-01
2.742190e-01
2.712618e-01
2.674786e-01
2.626276e-01
2.583340e-01
2.547395e-01
2.522799e-01
2.501508e-01
2.480415e-01
2.462451e-01
2.439570e-01
2.413392e-01
2.385828e-01
2.358440e-01
2.331978e-01
2.306947e-01
2.286191e-01
2.268402e-01
2.247672e-01
2.227132e-01
2.202713e-01
2.170468e-01
2.131389e-01
2.081091e-01
2.015818e-01
1.941951e-01
1.874810e-01
1.808420e-01
1.756144e-01
1.724855e-01
1.699471e-01
1.668665e-01
1.633594e-01
1.590633e-01
1.545060e-01
1.500687e-01
1.462062e-01
1.431772e-01
1.405177e-01
1.368825e-01
1.334179e-01
1.312196e-01
1.288039e-01
1.263433e-01
1.239610e-01
1.224690e-01
1.218818e-01
1.215230e-01
1.222423e-01
1.232392e-01
1.242078e-01
1.254189e-01
1.284778e-01
1.327162e-01
1.369443e-01
1.400580e-01
1.423578e-01
1.435515e-01
1.444296e-01
1.453832e-01
1.463606e-01
1.475290e-01
1.483235e-01
1.486667e-01
1.495647e-01
1.510658e-01
1.520140e-01
1.530255e-01
1.541853e-01
1.562149e-01
1.580133e-01
1.586549e-01
1.598404e-01
1.613509e-01
1.635263e-01
1.662573e-01
1.690747e-01
1.715134e-01
1.719945e-01
1.723874e-01
1.729020e-01
1.744011e-01
1.755915e-01
1.759485e-01
1.758884e-01
1.765768e-01
1.779984e-01
1.793728e-01
1.805012e-01
1.815299e-01
1.834194e-01
1.845653e-01
1.831419e-01
1.802664e-01
1.768242e-01
1.718623e-01
1.666830e-01
1.626428e-01
1.593823e-01
1.571015e-01
1.557659e-01
1.545816e-01
1.526850e-01
1.509386e-01
1.499445e-01
1.492872e-01
1.492506e-01
1.488311e-01
1.480319e-01
1.476940e-01
1.493452e-01
1.516245e-01
1.532126e-01
1.534036e-01
1.531559e-01
1.534615e-01
1.536154e-01
1.537991e-01
1.540141e-01
1.556347e-01
1.582794e-01
1.607588e-01
1.623836e-01
1.635792e-01
1.648320e-01
1.664253e-01
1.684816e-01
1.705401e-01
1.729695e-01
1.761950e-01
1.795186e-01
1.815395e-01
1.825650e-01
1.839174e-01
1.846652e-01
1.853097e-01
1.853911e-01
1.844827e-01
1.838523e-01
1.841601e-01
1.850088e-01
1.852999e-01
1.852247e-01
1.860630e-01
1.864124e-01
1.867519e-01
1.872467e-01
1.887327e-01
1.909165e-01
1.927487e-01
1.941208e-01
1.948159e-01
1.961880e-01
1.967654e-01
1.962333e-01
1.953542e-01
1.938586e-01
1.917471e-01
1.894646e-01
1.873674e-01
1.858320e-01
1.840709e-01
1.820252e-01
1.795346e-01
1.772085e-01
1.750789e-01
1.728660e-01
1.712330e-01
1.701069e-01
1.687568e-01
1.671277e-01
1.655803e-01
1.645783e-01
1.640249e-01
1.638988e-01
1.638891e-01
1.644591e-01
1.658939e-01
1.680114e-01
1.702956e-01
1.725238e-01
1.738884e-01
1.747834e-01
1.759254e-01
1.751025e-01
1.736777e-01
1.733992e-01
1.735661e-01
1.741294e-01
1.749106e-01
1.755157e-01
1.761416e-01
1.758309e-01
1.760388e-01
1.766838e-01
1.756041e-01
1.736814e-01
1.710836e-01
1.675058e-01
1.644845e-01
1.619433e-01
1.602672e-01
1.595861e-01
1.593785e-01
1.595381e-01
1.598879e-01
1.604339e-01
1.613005e-01
1.626159e-01
1.640669e-01
1.660437e-01
1.689752e-01
1.710538e-01
1.710905e-01
1.710458e-01
1.717111e-01
1.722227e-01
1.724167e-01
1.714479e-01
1.692954e-01
1.664530e-01
1.645163e-01
1.629764e-01
1.603268e-01
1.571561e-01
1.549001e-01
1.536678e-01
1.535747e-01
1.532697e-01
1.534872e-01
1.544833e-01
1.553577e-01
1.553285e-01
1.546029e-01
1.546264e-01
1.550492e-01
1.554706e-01
1.564032e-01
1.576317e-01
1.584614e-01
1.587113e-01
1.579478e-01
1.573389e-01
1.574732e-01
1.568854e-01
1.570837e-01
1.577834e-01
1.584440e-01
1.594722e-01
1.609688e-01
1.630818e-01
1.654305e-01
1.682600e-01
1.719096e-01
1.749980e-01
1.780417e-01
1.807879e-01
1.820752e-01
1.827904e-01
1.837268e-01
1.851327e-01
1.868631e-01
1.875584e-01
1.875411e-01
1.878976e-01
1.876546e-01
1.886395e-01
1.908856e-01
1.931245e-01
1.941133e-01
1.947917e-01
1.954226e-01
1.952589e-01
1.941197e-01
1.942698e-01
1.950215e-01
1.952874e-01
1.968419e-01
1.983297e-01
1.992245e-01
1.994772e-01
2.003477e-01
2.022117e-01
2.041698e-01
2.061575e-01
2.073571e-01
2.077092e-01
2.067122e-01
2.046349e-01
2.024310e-01
2.002401e-01
1.973262e-01
1.935265e-01
1.892902e-01
1.857351e-01
1.843777e-01
1.846837e-01
1.857525e-01
1.871407e-01
1.887278e-01
1.914325e-01
1.947883e-01
1.973061e-01
1.992990e-01
2.016148e-01
2.040024e-01
2.065457e-01
2.082830e-01
2.100197e-01
2.121549e-01
2.136096e-01
2.139043e-01
2.132177e-01
2.111274e-01
2.090947e-01
2.068837e-01
2.040322e-01
2.013148e-01
1.986770e-01
1.962881e-01
1.941052e-01
1.926134e-01
1.914521e-01
1.902322e-01
1.881237e-01
1.866385e-01
1.877819e-01
1.900371e-01
1.909887e-01
1.907325e-01
1.897111e-01
1.893492e-01
1.898346e-01
1.905920e-01
1.916609e-01
1.927371e-01
1.919303e-01
1.905713e-01
1.900819e-01
1.901818e-01
1.890878e-01
1.882974e-01
1.879225e-01
1.873387e-01
1.872572e-01
1.866518e-01
1.840807e-01
1.812198e-01
1.792400e-01
1.764957e-01
1.733054e-01
1.694125e-01
1.654171e-01
1.622748e-01
1.589778e-01
1.569048e-01
1.558908e-01
1.550362e-01
1.547093e-01
1.550811e-01
1.550690e-01
1.546435e-01
1.544138e-01
1.535816e-01
1.538200e-01
1.540253e-01
1.544067e-01
1.560092e-01
1.579940e-01
1.596285e-01
1.605851e-01
1.611830e-01
1.630186e-01
1.655179e-01
1.685386e-01
1.723952e-01
1.769870e-01
1.810236e-01
1.842918e-01
1.863868e-01
1.879270e-01
1.893873e-01
1.913923e-01
1.939063e-01
1.960265e-01
1.986171e-01
2.019915e-01
2.056887e-01
2.096305e-01
2.128137e-01
2.161100e-01
2.196527e-01
2.223266e-01
2.246323e-01
2.254923e-01
2.250773e-01
2.242656e-01
2.238333e-01
2.234206e-01
2.231426e-01
2.227182e-01
2.225626e-01
2.227734e-01
2.227675e-01
2.231100e-01
2.236119e-01
2.248414e-01
2.261800e-01
2.276473e-01
2.303813e-01
2.329103e-01
2.347531e-01
2.365230e-01
2.380147e-01
2.394014e-01
2.402189e-01
2.417865e-01
2.442893e-01
2.461165e-01
2.465801e-01
2.462658e-01
2.441942e-01
2.411245e-01
2.375843e-01
2.355176e-01
2.345737e-01
2.337292e-01
2.339651e-01
2.348015e-01
2.361748e-01
2.380894e-01
2.397999e-01
2.404744e-01
2.421371e-01
2.441771e-01
2.452614e-01
2.461775e-01
2.460355e-01
2.452839e-01
2.450815e-01
2.463486e-01
2.491360e-01
2.524762e-01
2.563750e-01
2.609518e-01
2.667540e-01
2.729641e-01
2.777713e-01
2.821745e-01
2.875974e-01
2.937185e-01
3.000980e-01
3.059599e-01
3.114861e-01
3.170892e-01
3.233625e-01
3.315550e-01
3.403040e-01
3.491088e-01
3.572905e-01
3.646490e-01
3.714046e-01
3.775004e-01
3.828395e-01
3.883421e-01
3.942515e-01
4.006754e-01
4.072665e-01
4.138457e-01
4.196436e-01
4.247721e-01
4.294289e-01
4.339852e-01
4.377996e-01
4.411374e-01
4.445688e-01
4.477416e-01
4.508797e-01
4.542338e-01
4.593665e-01
4.646407e-01
4.696222e-01
4.749122e-01
4.794761e-01
4.834910e-01
4.864885e-01
4.890377e-01
4.920237e-01
4.956013e-01
4.993619e-01
5.025888e-01
5.054621e-01
5.085869e-01
5.124524e-01
5.163936e-01
5.194453e-01
5.224919e-01
5.263062e-01
5.302873e-01
5.330353e-01
5.354319e-01
5.385429e-01
5.418994e-01
5.451743e-01
5.465171e-01
5.462960e-01
5.456380e-01
5.445605e-01
5.453826e-01
5.480079e-01
5.514619e-01
5.537840e-01
5.549398e-01
5.565597e-01
5.585890e-01
5.608462e-01
5.638357e-01
5.673527e-01
5.709598e-01
5.738766e-01
5.759099e-01
5.778981e-01
5.807278e-01
5.843315e-01
5.879630e-01
5.915376e-01
5.949005e-01
5.970700e-01
5.979028e-01
5.985552e-01
5.991418e-01
5.994864e-01
5.999252e-01
6.010131e-01
6.024029e-01
6.050570e-01
6.079721e-01
6.095088e-01
6.119387e-01
6.159644e-01
6.200454e-01
6.241703e-01
6.286692e-01
6.338253e-01
6.401816e-01
6.466167e-01
6.531502e-01
6.607430e-01
6.665764e-01
6.717882e-01
6.766060e-01
6.816561e-01
6.873405e-01
6.918231e-01
6.953057e-01
6.992392e-01
7.042675e-01
7.091104e-01
7.130170e-01
7.161347e-01
7.189921e-01
7.205417e-01
7.210370e-01
7.211497e-01
7.218692e-01
7.232411e-01
7.256638e-01
7.290762e-01
7.334466e-01
7.375798e-01
7.425711e-01
7.481796e-01
7.526328e-01
7.555932e-01
7.599791e-01
7.658185e-01
7.714732e-01
7.766671e-01
7.819911e-01
7.866743e-01
7.908329e-01
7.952774e-01
8.004204e-01
8.059146e-01
8.114191e-01
8.161559e-01
8.200340e-01
8.239161e-01
8.280422e-01
8.325233e-01
8.370986e-01
8.420237e-01
8.470904e-01
8.520957e-01
8.563115e-01
8.613682e-01
8.681319e-01
8.754762e-01
8.829439e-01
8.902253e-01
8.973657e-01
9.046690e-01
9.108935e-01
9.169290e-01
9.225230e-01
9.263191e-01
9.294511e-01
9.329404e-01
9.366100e-01
9.416989e-01
9.463805e-01
9.496034e-01
9.515829e-01
9.540906e-01
9.571418e-01
9.599439e-01
9.640248e-01
9.674141e-01
9.698920e-01
9.719182e-01
9.733880e-01
9.746521e-01
9.753813e-01
9.770216e-01
9.800758e-01
9.828622e-01
9.849530e-01
9.868590e-01
9.885084e-01
9.911095e-01
9.942664e-01
9.966978e-01
9.985498e-01
1.001243e+00
1.004827e+00
1.008882e+00
1.013028e+00
1.017655e+00
1.022708e+00
1.026808e+00
1.030230e+00
1.033705e+00
1.037085e+00
1.040738e+00
1.044420e+00
1.048489e+00
1.053173e+00
1.057542e+00
1.060579e+00
1.063511e+00
1.067209e+00
1.070761e+00
1.072900e+00
1.075142e+00
1.077723e+00
1.080934e+00
1.083668e+00
1.085206e+00
1.086304e+00
1.087547e+00
1.088859e+00
1.090721e+00
1.092618e+00
1.093257e+00
1.094100e+00
1.096553e+00
1.098859e+00
1.100258e+00
1.102136e+00
1.103913e+00
1.104782e+00
1.106417e+00
1.109250e+00
1.112044e+00
1.115401e+00
1.119714e+00
1.124816e+00
1.129840e+00
1.135105e+00
1.139971e+00
1.144104e+00
1.147320e+00
1.149301e+00
1.152050e+00
1.154727e+00
1.156460e+00
1.158999e+00
1.162165e+00
1.165189e+00
1.168637e+00
1.172190e+00
1.175045e+00
1.177667e+00
1.180188e+00
1.182656e+00
1.185363e+00
1.187762e+00
1.190007e+00
1.193333e+00
1.197681e+00
1.202947e+00
1.208239e+00
1.213498e+00
1.217693e+00
1.221197e+00
1.224498e+00
1.226434e+00
1.227267e+00
1.226972e+00
1.225967e+00
1.225734e+00
1.226900e+00
1.228737e+00
1.230639e+00
1.231812e+00
1.232439e+00
1.232280e+00
1.231890e+00
1.232290e+00
1.233723e+00
1.233884e+00
1.232397e+00
1.230863e+00
1.229691e+00
1.228175e+00
1.226315e+00
1.225273e+00
1.224358e+00
1.223935e+00
1.224181e+00
1.225047e+00
1.226222e+00
1.226905e+00
1.228213e+00
1.230091e+00
1.231353e+00
1.232800e+00
1.235274e+00
1.238414e+00
1.241071e+00
1.243000e+00
1.245569e+00
1.248088e+00
1.250619e+00
1.252597e+00
1.253958e+00
1.255736e+00
1.258061e+00
1.259763e+00
1.261178e+00
1.262828e+00
1.264506e+00
1.266165e+00
1.268006e+00
1.269366e+00
1.269824e+00
1.270627e+00
1.271947e+00
1.273022e+00
1.273221e+00
1.272778e+00
1.272725e+00
1.273079e+00
1.273531e+00
1.274186e+00
1.273622e+00
1.273305e+00
1.273775e+00
1.274523e+00
1.276079e+00
1.277580e+00
1.278600e+00
1.279306e+00
1.280280e+00
1.281702e+00
1.284082e+00
1.288591e+00
1.293288e+00
1.296825e+00
1.299625e+00
1.302783e+00
1.307118e+00
1.311746e+00
1.315365e+00
1.318599e+00
1.321763e+00
1.324095e+00
1.325821e+00
1.327786e+00
1.329246e+00
1.330129e+00
1.330710e+00
1.331170e+00
1.331558e+00
1.332726e+00
1.334456e+00
1.334767e+00
1.333893e+00
1.333134e+00
1.332141e+00
1.331460e+00
1.331059e+00
1.331718e+00
1.333928e+00
1.335853e+00
1.337342e+00
1.338889e+00
1.338792e+00
1.338064e+00
1.338548e+00
1.339521e+00
1.340464e+00
1.340981e+00
1.341002e+00
1.341759e+00
1.344275e+00
1.348308e+00
1.352742e+00
1.357177e+00
1.361395e+00
1.364662e+00
1.366494e+00
1.368380e+00
1.369897e+00
1.371760e+00
1.374369e+00
1.377513e+00
1.380545e+00
1.383316e+00
1.385426e+00
1.386830e+00
1.388493e+00
1.391359e+00
1.393997e+00
1.395545e+00
1.395670e+00
1.394476e+00
1.392599e+00
1.390522e+00
1.388690e+00
1.386887e+00
1.384760e+00
1.382462e+00
1.379762e+00
1.377678e+00
1.377026e+00
1.376349e+00
1.374413e+00
1.371951e+00
1.370543e+00
1.370343e+00
1.370794e+00
1.370759e+00
1.370882e+00
1.371918e+00
1.372622e+00
1.372836e+00
1.371635e+00
1.369304e+00
1.366819e+00
1.364016e+00
1.361789e+00
1.360561e+00
1.359445e+00
1.358861e+00
1.357909e+00
1.356933e+00
1.355606e+00
1.353782e+00
1.351709e+00
1.348934e+00
1.346690e+00
1.345341e+00
1.344038e+00
1.341518e+00
1.339009e+00
1.336392e+00
1.333516e+00
1.330404e+00
1.328032e+00
1.326607e+00
1.324671e+00
1.322027e+00
1.319515e+00
1.317025e+00
1.315762e+00
1.314181e+00
1.311732e+00
1.308636e+00
1.305508e+00
1.303448e+00
1.302527e+00
1.301147e+00
1.299948e+00
1.299467e+00
1.299773e+00
1.299845e+00
1.299377e+00
1.299052e+00
1.298020e+00
1.296024e+00
1.293416e+00
1.290301e+00
1.287817e+00
1.284687e+00
1.281605e+00
1.277903e+00
1.274449e+00
1.272536e+00
1.271215e+00
1.269424e+00
1.267122e+00
1.264569e+00
1.262322e+00
1.259106e+00
1.255304e+00
1.250445e+00
1.244839e+00
1.239295e+00
1.233842e+00
1.227710e+00
1.221496e+00
1.216006e+00
1.210740e+00
1.204777e+00
1.198748e+00
1.193666e+00
1.188948e+00
1.184638e+00
1.182218e+00
1.180572e+00
1.178454e+00
1.176683e+00
1.175009e+00
1.173746e+00
1.174065e+00
1.173721e+00
1.172523e+00
1.171597e+00
1.170423e+00
1.169037e+00
1.167424e+00
1.164963e+00
