0.000000e+00
-1.512290e-05
2.994346e-06
4.836195e-05
1.794034e-04
2.855314e-04
4.954151e-05
-3.515912e-05
1.010983e-04
3.799092e-05
6.315406e-04
9.127194e-04
8.664823e-04
5.395112e-04
-5.182337e-05
-4.861894e-04
-1.444675e-03
-2.362213e-03
-3.040764e-03
-3.861071e-03
-5.090309e-03
-6.899991e-03
-7.836905e-03
-8.976920e-03
-1.013850e-02
-9.895305e-03
-9.543922e-03
-8.659866e-03
-6.458803e-03
-4.002633e-03
-1.541489e-03
-1.293275e-04
2.370141e-04
1.993750e-05
-1.395805e-04
4.840090e-04
2.200240e-03
4.728444e-03
8.274376e-03
1.228454e-02
1.675158e-02
2.219676e-02
2.786347e-02
3.376836e-02
3.928484e-02
4.468616e-02
4.920761e-02
5.149133e-02
5.168325e-02
5.112605e-02
5.171479e-02
5.418689e-02
5.630034e-02
5.838905e-02
6.143082e-02
6.551186e-02
7.181721e-02
7.884083e-02
8.285606e-02
8.403158e-02
8.415378e-02
8.406228e-02
8.292391e-02
8.110722e-02
8.005768e-02
7.995317e-02
7.938800e-02
7.798379e-02
7.724965e-02
7.876582e-02
8.109013e-02
8.344212e-02
8.531843e-02
8.769790e-02
9.029364e-02
9.293168e-02
9.616625e-02
9.943204e-02
1.018748e-01
1.049404e-01
1.085445e-01
1.109993e-01
1.130192e-01
1.150799e-01
1.162823e-01
1.171972e-01
1.189458e-01
1.194188e-01
1.172786e-01
1.137116e-01
1.103967e-01
1.077407e-01
1.063336e-01
1.061485e-01
1.074127e-01
1.093141e-01
1.110205e-01
1.127594e-01
1.145722e-01
1.173860e-01
1.207623e-01
1.227878e-01
1.243775e-01
1.261486e-01
1.283235e-01
1.318668e-01
1.360183e-01
1.384048e-01
1.400014e-01
1.427259e-01
1.461142e-01
1.492270e-01
1.528007e-01
1.561263e-01
1.591530e-01
1.616569e-01
1.632917e-01
1.670679e-01
1.741040e-01
1.818944e-01
1.896084e-01
1.971397e-01
2.037058e-01
2.103728e-01
2.164822e-01
2.218026e-01
2.260071e-01
2.292082e-01
2.301975e-01
2.294401e-01
2.293355e-01
2.293936e-01
2.288038e-01
2.282821e-01
2.270888e-01
2.258510e-01
2.238942e-01
2.210573e-01
2.186071e-01
2.167644e-01
2.156041e-01
2.143324e-01
2.119978e-01
2.102328e-01
2.086605e-01
2.070853e-01
2.052600e-01
2.026608e-01
2.011845e-01
1.997448e-01
1.980265e-01
1.961710e-01
1.929253e-01
1.898915e-01
1.889692e-01
1.893166e-01
1.901369e-01
1.913209e-01
1.930226e-01
1.950600e-01
1.978216e-01
2.007659e-01
2.042565e-01
2.096786e-01
2.160939e-01
2.222259e-01
2.278880e-01
2.321991e-01
2.365652e-01
2.410516e-01
2.441627e-01
2.470066e-01
2.503501e-01
2.542817e-01
2.575164e-01
2.603727e-01
2.626802e-01
2.636236e-01
2.649427e-01
2.675760e-01
2.703793e-01
2.727098e-01
2.752934e-01
2.783741e-01
2.829011e-01
2.889813e-01
2.949728e-01
2.995194e-01
3.035619e-01
3.066429e-01
3.090352e-01
3.127110e-01
3.177257e-01
3.214648e-01
3.233833e-01
3.251637e-01
3.278161e-01
3.308126e-01
3.336066e-01
3.378719e-01
3.430259e-01
3.485324e-01
3.539701e-01
3.584295e-01
3.612062e-01
3.628875e-01
3.635839e-01
3.643317e-01
3.663233e-01
3.693584e-01
3.719544e-01
3.730849e-01
3.732553e-01
3.733710e-01
3.745524e-01
3.768358e-01
3.802603e-01
3.843862e-01
3.891399e-01
3.940271e-01
3.970274e-01
3.977189e-01
3.979661e-01
3.984739e-01
3.990870e-01
3.993880e-01
3.997656e-01
4.011551e-01
4.030179e-01
4.038107e-01
4.044819e-01
4.047146e-01
4.041882e-01
4.027854e-01
4.009669e-01
3.989837e-01
3.993572e-01
4.004351e-01
4.016362e-01
4.024062e-01
4.037412e-01
4.067746e-01
4.101512e-01
4.129455e-01
4.157912e-01
4.178254e-01
4.195470e-01
4.233327e-01
4.274427e-01
4.302671e-01
4.322283e-01
4.328512e-01
4.333518e-01
4.355099e-01
4.391647e-01
4.422417e-01
4.443661e-01
4.470156e-01
4.511493e-01
4.567546e-01
4.627616e-01
4.679659e-01
4.722213e-01
4.770173e-01
4.823033e-01
4.864843e-01
4.898064e-01
4.933254e-01
4.977302e-01
5.027483e-01
5.064209e-01
5.098124e-01
5.147152e-01
5.206259e-01
5.283462e-01
5.363004e-01
5.432443e-01
5.504690e-01
5.587463e-01
5.683431e-01
5.782031e-01
5.865157e-01
5.933851e-01
5.996226e-01
6.046417e-01
6.080906e-01
6.093783e-01
6.094418e-01
6.092370e-01
6.091133e-01
6.094317e-01
6.110649e-01
6.114128e-01
6.109051e-01
6.109867e-01
6.121627e-01
6.130955e-01
6.138785e-01
6.159843e-01
6.186900e-01
6.226073e-01
6.293401e-01
6.369672e-01
6.432754e-01
6.475952e-01
6.497747e-01
6.502087e-01
6.493253e-01
6.465825e-01
6.429497e-01
6.395077e-01
6.367533e-01
6.349161e-01
6.341084e-01
6.327396e-01
6.313439e-01
6.308079e-01
6.302275e-01
6.299606e-01
6.311414e-01
6.324716e-01
6.331127e-01
6.333293e-01
6.338741e-01
6.345197e-01
6.337699e-01
6.313661e-01
6.270889e-01
6.216723e-01
6.164814e-01
6.125664e-01
6.090135e-01
6.052768e-01
6.021047e-01
6.007378e-01
6.000517e-01
5.995520e-01
6.002312e-01
6.019060e-01
6.036554e-01
6.062466e-01
6.117219e-01
6.184050e-01
6.250841e-01
6.310711e-01
6.365155e-01
6.409038e-01
6.451733e-01
6.488164e-01
6.519587e-01
6.534924e-01
6.543209e-01
6.543677e-01
6.538864e-01
6.534148e-01
6.523467e-01
6.501442e-01
6.468936e-01
6.436206e-01
6.405160e-01
6.376659e-01
6.359158e-01
6.345080e-01
6.336895e-01
6.336352e-01
6.343393e-01
6.368766e-01
6.406661e-01
6.439039e-01
6.465751e-01
6.497329e-01
6.525335e-01
6.570315e-01
6.624105e-01
6.669737e-01
6.729972e-01
6.786937e-01
6.827554e-01
6.866580e-01
6.905900e-01
6.959500e-01
7.035372e-01
7.125372e-01
7.215079e-01
7.292364e-01
7.363969e-01
7.434875e-01
7.500771e-01
7.553916e-01
7.605969e-01
7.664379e-01
7.723469e-01
7.779064e-01
7.827130e-01
7.872956e-01
7.920164e-01
7.963885e-01
7.986829e-01
7.993242e-01
8.018004e-01
8.058596e-01
8.110505e-01
8.158870e-01
8.199457e-01
8.249734e-01
8.323004e-01
8.410249e-01
8.493191e-01
8.566142e-01
8.633984e-01
8.708892e-01
8.781091e-01
8.861871e-01
8.946467e-01
9.018859e-01
9.084111e-01
9.151522e-01
9.213103e-01
9.259455e-01
9.295524e-01
9.335427e-01
9.375879e-01
9.398598e-01
9.403180e-01
9.409061e-01
9.423721e-01
9.438753e-01
9.455197e-01
9.452930e-01
9.445723e-01
9.447790e-01
9.443492e-01
9.428199e-01
9.405420e-01
9.381277e-01
9.358740e-01
9.349948e-01
9.343788e-01
9.337638e-01
9.330335e-01
9.330804e-01
9.337005e-01
9.341137e-01
9.336315e-01
9.311935e-01
9.296001e-01
9.316559e-01
9.341872e-01
9.347974e-01
9.358619e-01
9.378722e-01
9.400837e-01
9.432227e-01
9.463382e-01
9.485031e-01
9.499896e-01
9.520449e-01
9.546291e-01
9.569257e-01
9.573000e-01
9.566359e-01
9.552115e-01
9.530219e-01
9.530343e-01
9.544297e-01
9.558572e-01
9.576830e-01
9.586829e-01
9.591787e-01
9.599746e-01
9.607392e-01
9.616112e-01
9.634437e-01
9.663869e-01
9.693673e-01
9.728085e-01
9.765608e-01
9.796930e-01
9.812915e-01
9.823324e-01
9.847566e-01
9.875656e-01
9.892836e-01
9.901952e-01
9.907497e-01
9.921416e-01
9.935233e-01
9.942091e-01
9.948581e-01
9.950397e-01
9.956636e-01
9.977028e-01
9.991489e-01
1.000351e+00
1.002482e+00
1.006394e+00
1.011907e+00
1.018540e+00
1.023285e+00
1.026333e+00
1.028453e+00
1.030367e+00
1.033092e+00
1.036473e+00
1.039935e+00
1.042979e+00
1.045160e+00
1.047377e+00
1.050434e+00
1.052883e+00
1.055028e+00
1.057669e+00
1.060060e+00
1.062079e+00
1.063417e+00
1.063042e+00
1.062353e+00
1.062488e+00
1.062700e+00
1.063189e+00
1.063620e+00
1.063980e+00
1.065466e+00
1.067319e+00
1.069393e+00
1.070505e+00
1.070903e+00
1.070650e+00
1.070822e+00
1.072150e+00
1.074187e+00
1.076435e+00
1.079011e+00
1.081376e+00
1.082382e+00
1.082594e+00
1.082550e+00
1.084742e+00
1.088027e+00
1.091666e+00
1.095678e+00
1.099704e+00
1.104442e+00
1.109593e+00
1.114192e+00
1.119332e+00
1.125407e+00
1.131238e+00
1.136329e+00
1.140797e+00
1.144965e+00
1.148154e+00
1.151263e+00
1.156643e+00
1.160952e+00
1.162216e+00
1.162513e+00
1.163115e+00
1.164026e+00
1.164983e+00
1.164972e+00
1.163736e+00
1.163654e+00
1.165093e+00
1.167027e+00
1.169829e+00
1.173912e+00
1.177917e+00
1.182193e+00
1.185917e+00
1.188217e+00
1.190561e+00
1.194321e+00
1.199652e+00
1.205864e+00
1.211678e+00
1.216929e+00
1.221567e+00
1.225655e+00
1.230747e+00
1.236077e+00
1.240171e+00
1.243794e+00
1.249616e+00
1.256135e+00
1.261500e+00
1.265923e+00
1.269358e+00
1.272414e+00
1.275952e+00
1.279515e+00
1.282504e+00
1.285768e+00
1.288992e+00
1.290118e+00
1.289850e+00
1.288781e+00
1.286799e+00
1.285459e+00
1.283544e+00
1.281038e+00
1.278523e+00
1.275304e+00
1.271491e+00
1.268763e+00
1.265700e+00
1.261490e+00
1.257085e+00
1.253286e+00
1.250987e+00
1.251184e+00
1.252178e+00
1.252076e+00
1.250887e+00
1.249228e+00
1.247668e+00
1.245950e+00
1.244041e+00
1.241893e+00
1.239711e+00
1.236401e+00
1.232802e+00
1.230498e+00
1.227928e+00
1.224815e+00
1.221985e+00
1.217640e+00
1.211838e+00
1.206906e+00
1.202820e+00
1.199131e+00
1.197319e+00
1.197883e+00
1.199154e+00
1.200761e+00
1.203090e+00
1.206473e+00
1.210593e+00
1.215136e+00
1.219304e+00
1.222973e+00
1.225830e+00
1.229713e+00
1.233975e+00
1.237631e+00
1.240924e+00
1.242702e+00
1.244554e+00
1.247207e+00
1.248034e+00
1.248279e+00
1.248729e+00
1.247815e+00
1.246265e+00
1.245401e+00
1.244581e+00
1.243519e+00
1.241228e+00
1.237906e+00
1.236766e+00
1.237983e+00
1.239562e+00
1.240899e+00
1.242164e+00
1.244640e+00
1.246994e+00
1.248871e+00
1.251241e+00
1.252699e+00
1.253631e+00
1.253645e+00
1.251779e+00
1.248910e+00
1.247741e+00
1.247221e+00
1.246448e+00
1.245954e+00
1.245196e+00
1.245567e+00
1.245810e+00
1.244992e+00
1.244182e+00
1.243151e+00
1.241871e+00
1.241030e+00
1.240321e+00
1.238766e+00
1.236959e+00
1.236567e+00
1.237204e+00
1.239153e+00
1.241431e+00
1.244503e+00
1.248025e+00
1.248900e+00
1.247072e+00
1.245941e+00
1.245954e+00
1.246735e+00
1.247113e+00
1.247655e+00
1.249461e+00
1.251207e+00
1.252858e+00
1.255134e+00
1.258611e+00
1.261996e+00
1.265582e+00
1.270675e+00
1.277376e+00
1.284972e+00
1.293658e+00
1.302979e+00
1.310736e+00
1.315742e+00
1.318758e+00
1.320152e+00
1.320162e+00
1.318335e+00
1.316049e+00
1.313792e+00
1.311329e+00
1.309413e+00
1.308742e+00
1.307181e+00
1.303994e+00
1.300595e+00
1.297816e+00
1.294868e+00
1.293037e+00
1.292910e+00
1.292844e+00
1.293147e+00
1.294526e+00
1.296068e+00
1.297107e+00
1.297791e+00
1.300069e+00
1.304209e+00
1.307784e+00
1.309564e+00
1.311402e+00
1.313198e+00
1.313195e+00
1.313200e+00
1.314594e+00
1.316405e+00
1.317956e+00
1.319487e+00
1.321564e+00
1.323980e+00
1.325798e+00
1.327106e+00
1.327589e+00
1.326745e+00
1.325841e+00
1.324808e+00
1.322974e+00
1.322005e+00
1.322512e+00
1.324049e+00
1.325793e+00
1.328074e+00
1.330972e+00
1.333593e+00
1.334663e+00
1.334224e+00
1.333595e+00
1.334216e+00
1.334694e+00
1.334015e+00
1.332092e+00
1.329192e+00
1.325592e+00
1.322218e+00
1.319312e+00
1.317179e+00
1.314774e+00
1.309742e+00
1.303765e+00
1.298421e+00
1.292682e+00
1.286447e+00
1.280641e+00
1.276607e+00
1.273767e+00
1.271922e+00
1.271775e+00
1.270589e+00
1.267980e+00
1.265303e+00
1.262291e+00
1.259276e+00
1.257512e+00
1.255207e+00
1.251386e+00
1.247561e+00
1.243016e+00
1.236679e+00
1.230429e+00
1.224572e+00
1.218721e+00
1.213880e+00
1.210718e+00
1.209453e+00
1.209022e+00
1.207614e+00
1.203609e+00
1.198912e+00
1.193810e+00
1.189331e+00
1.186384e+00
1.185445e+00
1.185167e+00
1.185151e+00
1.185062e+00
1.185560e+00
1.185526e+00
1.184900e+00
1.183067e+00
1.179604e+00
1.174817e+00
1.169673e+00
1.164262e+00
1.160032e+00
1.156476e+00
1.153186e+00
1.149844e+00
1.146722e+00
1.143840e+00
1.140301e+00
1.136322e+00
1.130888e+00
1.123664e+00
1.115565e+00
1.109362e+00
1.103981e+00
1.098457e+00
1.093608e+00
1.090376e+00
1.087628e+00
1.083860e+00
1.078761e+00
1.073708e+00
1.069342e+00
1.064329e+00
1.058794e+00
1.054553e+00
1.051267e+00
1.047112e+00
1.041747e+00
1.036062e+00
1.032449e+00
1.029966e+00
1.026511e+00
1.023150e+00
1.020066e+00
1.017564e+00
1.016762e+00
1.016723e+00
1.015891e+00
1.014057e+00
1.011658e+00
1.008683e+00
1.004599e+00
1.000969e+00
9.975629e-01
9.925300e-01
9.856308e-01
9.790259e-01
9.737057e-01
9.687947e-01
9.632456e-01
9.583709e-01
9.556192e-01
9.538237e-01
9.529582e-01
9.528096e-01
9.516076e-01
9.505040e-01
9.500529e-01
9.502925e-01
9.504997e-01
9.505884e-01
9.496218e-01
9.469026e-01
9.441111e-01
9.404614e-01
9.357001e-01
9.303808e-01
9.235875e-01
9.166043e-01
9.108347e-01
9.059278e-01
9.020139e-01
8.980466e-01
8.938733e-01
8.890149e-01
8.829016e-01
8.759463e-01
8.688238e-01
8.624028e-01
8.570751e-01
8.526213e-01
8.493168e-01
8.467035e-01
8.434182e-01
8.401804e-01
8.376282e-01
8.339495e-01
8.284235e-01
8.214387e-01
8.146127e-01
8.076882e-01
8.010237e-01
7.962109e-01
7.913529e-01
7.857303e-01
7.798700e-01
7.745666e-01
7.696988e-01
7.645671e-01
7.583507e-01
7.519441e-01
7.468310e-01
7.420151e-01
7.378965e-01
7.343567e-01
7.312602e-01
7.291298e-01
7.266290e-01
7.220770e-01
7.180557e-01
7.152708e-01
7.112681e-01
7.060133e-01
7.018006e-01
6.987540e-01
6.963945e-01
6.936902e-01
6.909060e-01
6.886773e-01
6.874426e-01
6.866016e-01
6.855481e-01
6.853190e-01
6.858178e-01
6.853651e-01
6.846366e-01
6.847206e-01
6.834782e-01
6.815764e-01
6.781764e-01
6.726691e-01
6.662436e-01
6.600711e-01
6.541472e-01
6.484669e-01
6.430361e-01
6.364098e-01
6.278160e-01
6.192042e-01
6.113363e-01
6.039586e-01
5.965019e-01
5.894923e-01
5.843809e-01
5.807597e-01
5.773504e-01
5.738925e-01
5.712519e-01
5.696355e-01
5.676067e-01
5.652056e-01
5.616516e-01
5.570213e-01
5.531754e-01
5.504909e-01
5.484618e-01
5.457154e-01
5.426023e-01
5.398069e-01
5.359805e-01
5.315906e-01
5.264549e-01
5.196834e-01
5.133887e-01
5.057875e-01
4.964140e-01
4.856165e-01
4.753222e-01
4.666396e-01
4.597172e-01
4.547631e-01
4.496979e-01
4.449531e-01
4.411625e-01
4.367993e-01
4.322034e-01
4.280816e-01
4.240650e-01
4.205697e-01
4.176864e-01
4.149874e-01
4.124703e-01
4.101529e-01
4.078877e-01
4.052696e-01
4.036041e-01
4.042889e-01
4.056356e-01
4.066184e-01
4.063716e-01
4.054504e-01
4.044483e-01
4.018326e-01
3.979651e-01
3.932517e-01
3.887721e-01
3.848554e-01
3.798377e-01
3.734786e-01
3.687302e-01
3.642989e-01
3.606524e-01
3.583791e-01
3.544795e-01
3.494750e-01
3.456879e-01
3.429306e-01
3.394291e-01
3.352205e-01
3.310104e-01
3.272081e-01
3.234662e-01
3.180812e-01
3.124285e-01
3.080543e-01
3.028590e-01
2.970892e-01
2.923448e-01
2.886186e-01
2.853237e-01
2.830494e-01
2.813352e-01
2.787983e-01
2.762375e-01
2.757477e-01
2.770767e-01
2.780315e-01
2.782970e-01
2.765587e-01
2.739020e-01
2.711154e-01
2.675094e-01
2.639100e-01
2.611346e-01
2.582102e-01
2.541789e-01
2.488842e-01
2.442562e-01
2.405339e-01
2.381638e-01
2.362058e-01
2.342788e-01
2.327068e-01
2.305306e-01
2.279638e-01
2.252485e-01
2.225780e-01
2.201187e-01
2.177967e-01
2.159450e-01
2.144278e-01
2.125712e-01
2.107399e-01
2.083926e-01
2.050931e-01
2.008529e-01
1.951951e-01
1.877068e-01
1.792819e-01
1.716887e-01
1.642006e-01
1.585035e-01
1.554349e-01
1.531657e-01
1.502305e-01
1.467072e-01
1.422638e-01
1.374674e-01
1.328264e-01
1.288862e-01
1.259340e-01
1.234257e-01
1.197122e-01
1.162467e-01
1.143171e-01
1.121019e-01
1.098093e-01
1.076061e-01
1.064440e-01
1.064414e-01
1.067654e-01
1.083228e-01
1.102539e-01
1.120746e-01
1.142082e-01
1.184954e-01
1.243219e-01
1.300163e-01
1.342846e-01
1.375226e-01
1.393125e-01
1.406545e-01
1.421185e-01
1.435648e-01
1.451574e-01
1.463493e-01
1.469781e-01
1.482570e-01
1.502745e-01
1.516043e-01
1.529296e-01
1.544158e-01
1.569944e-01
1.592822e-01
1.600726e-01
1.614915e-01
1.632828e-01
1.658547e-01
1.691264e-01
1.725461e-01
1.753645e-01
1.758352e-01
1.761452e-01
1.766761e-01
1.783457e-01
1.796341e-01
1.799292e-01
1.797103e-01
1.803593e-01
1.819560e-01
1.834687e-01
1.846630e-01
1.857931e-01
1.879432e-01
1.891481e-01
1.871875e-01
1.834925e-01
1.791025e-01
1.728646e-01
1.664073e-01
1.614166e-01
1.573812e-01
1.546431e-01
1.530856e-01
1.516709e-01
1.494303e-01
1.473610e-01
1.462766e-01
1.456323e-01
1.456662e-01
1.453394e-01
1.445151e-01
1.442274e-01
1.464200e-01
1.493701e-01
1.513966e-01
1.517397e-01
1.515125e-01
1.519396e-01
1.521941e-01
1.524281e-01
1.526894e-01
1.546847e-01
1.579988e-01
1.610409e-01
1.630368e-01
1.644780e-01
1.659242e-01
1.677816e-01
1.702499e-01
1.727327e-01
1.756281e-01
1.795299e-01
1.834799e-01
1.857533e-01
1.868303e-01
1.883240e-01
1.890872e-01
1.896506e-01
1.895472e-01
1.881618e-01
1.871488e-01
1.873002e-01
1.880828e-01
1.882146e-01
1.879516e-01
1.888148e-01
1.891063e-01
1.893380e-01
1.898135e-01
1.915068e-01
1.940732e-01
1.962142e-01
1.978121e-01
1.985577e-01
2.000831e-01
2.007322e-01
1.998592e-01
1.985817e-01
1.966381e-01
1.938733e-01
1.909079e-01
1.882681e-01
1.863083e-01
1.841343e-01
1.816155e-01
1.785582e-01
1.757309e-01
1.730901e-01
1.703400e-01
1.683374e-01
1.669578e-01
1.653754e-01
1.634289e-01
1.615906e-01
1.604436e-01
1.598553e-01
1.598453e-01
1.599736e-01
1.608175e-01
1.627943e-01
1.654925e-01
1.684342e-01
1.713406e-01
1.731395e-01
1.743221e-01
1.757170e-01
1.747593e-01
1.730590e-01
1.727727e-01
1.730073e-01
1.737420e-01
1.746950e-01
1.754879e-01
1.762452e-01
1.758620e-01
1.761212e-01
1.769054e-01
1.756135e-01
1.732592e-01
1.700668e-01
1.657172e-01
1.620668e-01
1.590827e-01
1.571358e-01
1.564633e-01
1.564211e-01
1.567915e-01
1.573812e-01
1.581652e-01
1.593126e-01
1.610075e-01
1.629389e-01
1.655170e-01
1.692554e-01
1.718889e-01
1.719204e-01
1.718703e-01
1.726898e-01
1.732391e-01
1.734140e-01
1.722550e-01
1.695606e-01
1.660822e-01
1.637378e-01
1.618701e-01
1.587153e-01
1.549773e-01
1.523384e-01
1.510092e-01
1.510405e-01
1.508456e-01
1.512546e-01
1.525974e-01
1.538242e-01
1.539116e-01
1.531198e-01
1.532150e-01
1.537643e-01
1.543044e-01
1.555002e-01
1.570944e-01
1.581789e-01
1.585432e-01
1.576628e-01
1.569523e-01
1.570716e-01
1.563580e-01
1.566260e-01
1.575370e-01
1.583516e-01
1.596159e-01
1.614750e-01
1.640462e-01
1.669217e-01
1.703811e-01
1.747819e-01
1.785237e-01
1.822050e-01
1.854259e-01
1.868183e-01
1.875192e-01
1.884774e-01
1.899658e-01
1.918368e-01
1.924425e-01
1.922018e-01
1.923851e-01
1.918319e-01
1.927938e-01
1.953740e-01
1.979520e-01
1.990090e-01
1.996256e-01
2.002011e-01
1.997448e-01
1.981273e-01
1.980902e-01
1.988495e-01
1.990619e-01
2.007692e-01
2.024195e-01
2.033121e-01
2.034229e-01
2.042663e-01
2.063276e-01
2.085433e-01
2.107450e-01
2.119828e-01
2.122520e-01
2.108218e-01
2.080460e-01
2.051937e-01
2.023816e-01
1.986448e-01
1.938001e-01
1.884732e-01
1.841212e-01
1.825195e-01
1.829585e-01
1.843791e-01
1.861269e-01
1.880634e-01
1.913612e-01
1.954785e-01
1.985224e-01
2.009297e-01
2.036439e-01
2.064637e-01
2.094319e-01
2.113716e-01
2.132392e-01
2.156748e-01
2.172928e-01
2.174028e-01
2.163159e-01
2.135116e-01
2.107915e-01
2.079088e-01
2.042396e-01
2.007873e-01
1.975094e-01
1.945664e-01
1.919313e-01
1.901311e-01
1.887862e-01
1.873861e-01
1.848579e-01
1.831236e-01
1.846844e-01
1.875532e-01
1.888499e-01
1.886119e-01
1.874205e-01
1.869628e-01
1.875938e-01
1.885187e-01
1.898623e-01
1.911403e-01
1.900483e-01
1.883193e-01
1.877496e-01
1.878494e-01
1.864833e-01
1.855134e-01
1.850859e-01
1.843876e-01
1.843138e-01
1.835747e-01
1.804427e-01
1.769758e-01
1.745983e-01
1.713433e-01
1.674945e-01
1.627953e-01
1.580034e-01
1.542024e-01
1.503058e-01
1.479465e-01
1.469195e-01
1.461058e-01
1.459356e-01
1.466092e-01
1.468476e-01
1.465835e-01
1.464708e-01
1.456962e-01
1.461398e-01
1.465992e-01
1.472890e-01
1.494300e-01
1.520290e-01
1.542223e-01
1.555579e-01
1.564392e-01
1.587904e-01
1.619867e-01
1.657922e-01
1.705808e-01
1.762373e-01
1.812277e-01
1.851404e-01
1.875400e-01
1.892605e-01
1.909570e-01
1.932841e-01
1.962001e-01
1.986179e-01
2.015910e-01
2.054616e-01
2.096936e-01
2.142304e-01
2.178301e-01
2.215451e-01
2.256124e-01
2.286161e-01
2.310813e-01
2.317978e-01
2.308967e-01
2.295582e-01
2.287114e-01
2.279067e-01
2.272561e-01
2.265112e-01
2.260883e-01
2.261275e-01
2.259453e-01
2.261462e-01
2.265858e-01
2.279255e-01
2.293725e-01
2.308943e-01
2.339879e-01
2.368249e-01
2.388229e-01
2.407445e-01
2.423012e-01
2.436811e-01
2.443872e-01
2.460313e-01
2.488487e-01
2.508077e-01
2.510630e-01
2.502791e-01
2.473783e-01
2.432006e-01
2.385299e-01
2.356897e-01
2.342835e-01
2.330657e-01
2.331220e-01
2.339468e-01
2.354474e-01
2.376147e-01
2.394819e-01
2.401065e-01
2.419413e-01
2.442555e-01
2.454310e-01
2.463773e-01
2.459500e-01
2.447856e-01
2.443653e-01
2.457622e-01
2.490487e-01
2.529742e-01
2.575301e-01
2.629515e-01
2.698298e-01
2.771264e-01
2.827153e-01
2.877304e-01
2.939379e-01
3.009975e-01
3.083623e-01
3.150061e-01
3.212122e-01
3.275139e-01
3.346571e-01
3.441036e-01
3.542503e-01
3.644510e-01
3.738373e-01
3.820924e-01
3.895222e-01
3.961258e-01
4.017898e-01
4.076115e-01
4.139328e-01
4.208770e-01
4.280014e-01
4.350476e-01
4.411634e-01
4.463962e-01
4.510581e-01
4.555828e-01
4.591608e-01
4.621510e-01
4.652429e-01
4.680681e-01
4.708496e-01
4.739188e-01
4.792340e-01
4.846938e-01
4.897882e-01
4.952657e-01
4.997824e-01
5.036013e-01
5.062032e-01
5.082695e-01
5.109292e-01
5.143342e-01
5.179432e-01
5.208362e-01
5.233430e-01
5.262356e-01
5.300083e-01
5.339025e-01
5.367018e-01
5.394746e-01
5.432715e-01
5.472516e-01
5.497058e-01
5.517267e-01
5.545987e-01
5.577732e-01
5.608192e-01
5.616035e-01
5.605112e-01
5.588385e-01
5.567455e-01
5.569230e-01
5.593839e-01
5.628817e-01
5.650173e-01
5.657411e-01
5.670322e-01
5.688727e-01
5.709946e-01
5.739989e-01
5.776985e-01
5.814996e-01
5.843965e-01
5.861461e-01
5.878729e-01
5.906179e-01
5.943308e-01
5.981036e-01
6.017707e-01
6.051969e-01
6.070800e-01
6.073765e-01
6.074616e-01
6.074960e-01
6.072560e-01
6.071624e-01
6.078854e-01
6.090746e-01
6.117922e-01
6.147938e-01
6.161487e-01
6.185516e-01
6.229217e-01
6.273800e-01
6.319441e-01
6.369088e-01
6.426587e-01
6.498909e-01
6.571147e-01
6.645071e-01
6.730736e-01
6.795602e-01
6.851698e-01
6.902546e-01
6.956642e-01
7.018050e-01
7.065337e-01
7.099999e-01
7.139602e-01
7.192454e-01
7.242802e-01
7.281171e-01
7.310016e-01
7.335418e-01
7.344937e-01
7.341371e-01
7.333689e-01
7.333446e-01
7.341932e-01
7.363580e-01
7.398152e-01
7.443885e-01
7.487345e-01
7.541041e-01
7.602705e-01
7.649588e-01
7.678365e-01
7.724360e-01
7.789009e-01
7.850449e-01
7.906267e-01
7.963064e-01
8.011709e-01
8.054040e-01
8.099810e-01
8.153974e-01
8.212658e-01
8.271764e-01
8.321067e-01
8.359565e-01
8.397344e-01
8.438703e-01
8.484875e-01
8.532581e-01
8.584448e-01
8.637633e-01
8.689894e-01
8.732628e-01
8.785273e-01
8.858950e-01
8.939800e-01
9.022011e-01
9.101299e-01
9.178975e-01
9.258016e-01
9.323275e-01
9.386122e-01
9.443944e-01
9.478567e-01
9.505757e-01
9.537238e-01
9.571469e-01
9.623411e-01
9.670230e-01
9.698721e-01
9.713275e-01
9.734348e-01
9.761404e-01
9.786613e-01
9.827374e-01
9.859746e-01
9.880927e-01
9.896331e-01
9.904576e-01
9.910343e-01
9.910185e-01
9.921393e-01
9.950458e-01
9.976366e-01
9.993838e-01
1.000907e+00
1.002169e+00
1.004613e+00
1.007760e+00
1.010043e+00
1.011579e+00
1.014125e+00
1.017868e+00
1.022145e+00
1.026558e+00
1.031539e+00
1.036994e+00
1.041292e+00
1.044748e+00
1.048285e+00
1.051705e+00
1.055414e+00
1.059155e+00
1.063413e+00
1.068448e+00
1.073034e+00
1.075953e+00
1.078740e+00
1.082507e+00
1.086013e+00
1.087825e+00
1.089725e+00
1.092034e+00
1.095158e+00
1.097774e+00
1.098864e+00
1.099407e+00
1.100136e+00
1.100999e+00
1.102621e+00
1.104277e+00
1.104362e+00
1.104705e+00
1.107083e+00
1.109272e+00
1.110333e+00
1.112019e+00
1.113575e+00
1.114002e+00
1.115426e+00
1.118323e+00
1.121196e+00
1.124787e+00
1.129598e+00
1.135322e+00
1.140865e+00
1.146696e+00
1.152062e+00
1.156481e+00
1.159711e+00
1.161425e+00
1.164081e+00
1.166656e+00
1.168130e+00
1.170667e+00
1.173941e+00
1.176974e+00
1.180521e+00
1.184215e+00
1.187085e+00
1.189659e+00
1.192155e+00
1.194553e+00
1.197217e+00
1.199506e+00
1.201621e+00
1.205079e+00
1.209853e+00
1.215708e+00
1.221611e+00
1.227403e+00
1.231930e+00
1.235565e+00
1.238883e+00
1.240628e+00
1.241012e+00
1.240042e+00
1.238172e+00
1.237268e+00
1.238129e+00
1.239866e+00
1.241655e+00
1.242567e+00
1.242775e+00
1.242026e+00
1.241018e+00
1.241044e+00
1.242356e+00
1.242101e+00
1.239778e+00
1.237382e+00
1.235485e+00
1.233257e+00
1.230641e+00
1.228991e+00
1.227643e+00
1.226881e+00
1.226941e+00
1.227785e+00
1.228969e+00
1.229629e+00
1.231044e+00
1.233139e+00
1.234533e+00
1.236103e+00
1.238901e+00
1.242533e+00
1.245568e+00
1.247733e+00
1.250604e+00
1.253407e+00
1.256197e+00
1.258319e+00
1.259659e+00
1.261503e+00
1.264009e+00
1.265830e+00
1.267208e+00
1.268860e+00
1.270570e+00
1.272249e+00
1.274134e+00
1.275463e+00
1.275703e+00
1.276308e+00
1.277588e+00
1.278565e+00
1.278467e+00
1.277602e+00
1.277275e+00
1.277422e+00
1.277760e+00
1.278290e+00
1.277340e+00
1.276656e+00
1.276942e+00
1.277687e+00
1.279439e+00
1.281099e+00
1.282152e+00
1.282847e+00
1.283871e+00
1.285456e+00
1.288266e+00
1.293625e+00
1.299218e+00
1.303367e+00
1.306496e+00
1.310036e+00
1.315015e+00
1.320375e+00
1.324462e+00
1.328036e+00
1.331542e+00
1.333947e+00
1.335627e+00
1.337596e+00
1.338937e+00
1.339576e+00
1.339861e+00
1.339955e+00
1.340012e+00
1.341038e+00
1.342726e+00
1.342694e+00
1.341249e+00
1.339925e+00
1.338376e+00
1.337212e+00
1.336429e+00
1.337005e+00
1.339524e+00
1.341697e+00
1.343383e+00
1.345090e+00
1.344759e+00
1.343673e+00
1.344011e+00
1.344971e+00
1.345935e+00
1.346436e+00
1.346339e+00
1.347101e+00
1.349977e+00
1.354748e+00
1.360004e+00
1.365178e+00
1.370056e+00
1.373726e+00
1.375604e+00
1.377454e+00
1.378929e+00
1.380810e+00
1.383653e+00
1.387155e+00
1.390507e+00
1.393559e+00
1.395779e+00
1.397104e+00
1.398827e+00
1.402027e+00
1.404995e+00
1.406556e+00
1.406359e+00
1.404550e+00
1.401898e+00
1.399064e+00
1.396582e+00
1.394091e+00
1.391200e+00
1.388107e+00
1.384559e+00
1.381843e+00
1.380924e+00
1.379915e+00
1.377394e+00
1.374295e+00
1.372432e+00
1.372117e+00
1.372632e+00
1.372589e+00
1.372679e+00
1.373869e+00
1.374685e+00
1.374818e+00
1.373274e+00
1.370328e+00
1.367168e+00
1.363664e+00
1.360962e+00
1.359450e+00
1.358095e+00
1.357388e+00
1.356280e+00
1.355149e+00
1.353632e+00
1.351508e+00
1.349079e+00
1.345841e+00
1.343250e+00
1.341788e+00
1.340368e+00
1.337496e+00
1.334639e+00
1.331735e+00
1.328473e+00
1.324966e+00
1.322359e+00
1.320935e+00
1.318916e+00
1.316039e+00
1.313268e+00
1.310602e+00
1.309404e+00
1.307802e+00
1.305082e+00
1.301582e+00
1.298009e+00
1.295843e+00
1.295143e+00
1.293894e+00
1.292717e+00
1.292480e+00
1.293185e+00
1.293563e+00
1.293306e+00
1.293199e+00
1.292180e+00
1.289946e+00
1.287004e+00
1.283538e+00
1.280879e+00
1.277429e+00
1.273965e+00
1.269829e+00
1.266028e+00
1.264183e+00
1.263069e+00
1.261373e+00
1.258973e+00
1.256330e+00
1.254050e+00
1.250556e+00
1.246303e+00
1.240826e+00
1.234386e+00
1.228096e+00
1.221930e+00
1.214970e+00
1.207961e+00
1.201900e+00
1.196101e+00
1.189490e+00
1.182833e+00
1.177322e+00
1.172334e+00
1.167930e+00
1.165777e+00
1.164570e+00
1.162763e+00
1.161411e+00
1.160183e+00
1.159420e+00
1.160582e+00
1.160974e+00
1.160220e+00
1.159744e+00
1.158974e+00
1.157928e+00
1.156573e+00
1.154103e+00
